   0.57255   0.43922   0.85882
   0.55294   0.41569   0.85490
   0.52941   0.39608   0.85098
   0.50588   0.37255   0.84706
   0.48235   0.35294   0.84314
   0.45882   0.32941   0.83922
   0.43529   0.30980   0.83529
   0.41176   0.29020   0.83137
   0.38431   0.27059   0.83137
   0.36078   0.24706   0.82745
   0.33333   0.22745   0.82353
   0.30980   0.20784   0.81961
   0.28235   0.18824   0.81569
   0.25490   0.16863   0.81176
   0.22745   0.14902   0.80784
   0.20000   0.12941   0.80784
   0.17255   0.10980   0.80392
   0.14510   0.09020   0.80000
   0.11373   0.07059   0.79608
   0.08627   0.05490   0.79216
   0.05882   0.03529   0.78824
   0.02745   0.01569   0.78431
   0.00000   0.00000   0.78431
   0.00784   0.01569   0.78824
   0.01569   0.03529   0.79216
   0.02745   0.05098   0.80000
   0.03529   0.07059   0.80392
   0.04706   0.08627   0.80784
   0.05490   0.10588   0.81569
   0.06667   0.12157   0.81961
   0.07843   0.14118   0.82353
   0.08627   0.15686   0.83137
   0.09804   0.17647   0.83529
   0.10980   0.19608   0.84314
   0.11765   0.21176   0.84706
   0.12941   0.23137   0.85098
   0.14118   0.24706   0.85882
   0.15294   0.26667   0.86275
   0.16471   0.28235   0.86667
   0.17255   0.30196   0.87451
   0.18431   0.31765   0.87843
   0.19608   0.33725   0.88235
   0.20784   0.35294   0.89020
   0.21961   0.37255   0.89412
   0.23529   0.38824   0.90196
   0.24314   0.40000   0.90196
   0.25490   0.41176   0.90588
   0.26275   0.41961   0.90588
   0.27451   0.43137   0.90980
   0.28627   0.43922   0.90980
   0.29412   0.45098   0.91373
   0.30588   0.45882   0.91373
   0.31765   0.47059   0.91765
   0.32549   0.47843   0.91765
   0.33725   0.49020   0.92157
   0.34902   0.49804   0.92549
   0.36078   0.50980   0.92549
   0.36863   0.51765   0.92941
   0.38039   0.52941   0.92941
   0.39216   0.53725   0.93333
   0.40392   0.54902   0.93333
   0.41176   0.55686   0.93725
   0.42353   0.56863   0.93725
   0.43529   0.57647   0.94118
   0.44706   0.58824   0.94118
   0.45882   0.59608   0.94510
   0.47059   0.60784   0.94902
   0.47843   0.62745   0.94510
   0.49020   0.64314   0.94118
   0.50196   0.66275   0.94118
   0.50980   0.67843   0.93725
   0.52157   0.69804   0.93725
   0.52941   0.71373   0.93333
   0.54118   0.72941   0.93333
   0.55294   0.74118   0.92941
   0.56078   0.75686   0.92941
   0.57255   0.76863   0.92549
   0.58039   0.78431   0.92549
   0.59216   0.79608   0.92157
   0.60000   0.80392   0.91765
   0.61176   0.81569   0.91765
   0.61961   0.82745   0.91373
   0.63137   0.83529   0.91373
   0.63922   0.84314   0.90980
   0.65098   0.85098   0.90980
   0.65882   0.85882   0.90588
   0.67059   0.86667   0.90588
   0.67843   0.87059   0.90196
   0.69020   0.87843   0.90196
   0.68627   0.87843   0.90588
   0.68235   0.88235   0.90980
   0.67843   0.88627   0.91373
   0.67451   0.89020   0.91765
   0.67059   0.89412   0.92157
   0.66667   0.89804   0.92941
   0.65882   0.90196   0.93333
   0.65490   0.90588   0.93725
   0.65098   0.90980   0.94118
   0.64706   0.91373   0.94510
   0.64314   0.91765   0.95294
   0.63922   0.92157   0.95686
   0.63529   0.92549   0.96078
   0.62745   0.92941   0.96471
   0.62353   0.93333   0.96863
   0.61961   0.93725   0.97647
   0.61569   0.94118   0.98039
   0.60784   0.94510   0.98431
   0.60392   0.94902   0.98824
   0.60000   0.95294   0.99216
   0.59608   0.96078   1.00000
   0.59608   0.97255   0.98824
   0.60000   0.97647   0.96471
   0.60000   0.96471   0.92941
   0.60392   0.95294   0.89412
   0.60392   0.94118   0.86275
   0.60392   0.92941   0.83529
   0.60784   0.91765   0.80784
   0.60784   0.90588   0.78039
   0.60784   0.89412   0.75686
   0.60784   0.88235   0.73333
   0.60784   0.87059   0.70980
   0.60784   0.85882   0.69020
   0.60784   0.84706   0.67059
   0.60784   0.83529   0.65098
   0.60784   0.82353   0.63529
   0.60784   0.81176   0.61961
   0.60784   0.80392   0.60784
   0.96078   0.90196   0.74510
   0.95294   0.89020   0.72941
   0.94902   0.88235   0.71765
   0.94118   0.87059   0.70196
   0.93725   0.85882   0.69020
   0.93333   0.85098   0.67843
   0.92549   0.83922   0.66275
   0.92157   0.83137   0.65098
   0.91765   0.81961   0.63922
   0.90980   0.80784   0.62353
   0.90588   0.79608   0.61176
   0.90196   0.78824   0.60000
   0.89412   0.77647   0.58824
   0.89020   0.76471   0.57647
   0.88627   0.75294   0.56471
   0.87843   0.74118   0.55294
   0.87451   0.72941   0.54118
   0.87059   0.72157   0.52941
   0.87451   0.71765   0.50588
   0.88235   0.71765   0.48235
   0.88627   0.72157   0.46275
   0.89412   0.72157   0.43922
   0.89804   0.72549   0.41569
   0.90588   0.72941   0.39216
   0.91373   0.73333   0.36863
   0.91765   0.73725   0.34510
   0.92549   0.74118   0.32157
   0.92941   0.74902   0.29412
   0.93725   0.75686   0.27059
   0.94118   0.76471   0.24314
   0.94902   0.77255   0.21961
   0.95686   0.78431   0.19216
   0.96078   0.79608   0.16471
   0.96863   0.80784   0.13725
   0.97255   0.81961   0.10980
   0.98039   0.83137   0.08235
   0.98431   0.84706   0.05490
   0.99216   0.86275   0.02745
   1.00000   0.88235   0.00000
   1.00000   0.87059   0.00000
   1.00000   0.85882   0.00000
   1.00000   0.84706   0.00000
   1.00000   0.83922   0.00000
   1.00000   0.82745   0.00000
   1.00000   0.81569   0.00000
   1.00000   0.80392   0.00000
   1.00000   0.79608   0.00000
   1.00000   0.78431   0.00000
   1.00000   0.77255   0.00000
   1.00000   0.76471   0.00000
   1.00000   0.75294   0.00000
   1.00000   0.74118   0.00000
   1.00000   0.72941   0.00000
   1.00000   0.72157   0.00000
   1.00000   0.70980   0.00000
   1.00000   0.69804   0.00000
   1.00000   0.68627   0.00000
   1.00000   0.67843   0.00000
   1.00000   0.66667   0.00000
   1.00000   0.65490   0.00000
   1.00000   0.64706   0.00000
   1.00000   0.62745   0.00000
   1.00000   0.61176   0.00000
   1.00000   0.59216   0.00000
   1.00000   0.57647   0.00000
   1.00000   0.56078   0.00000
   1.00000   0.54118   0.00000
   1.00000   0.52549   0.00000
   1.00000   0.50980   0.00000
   1.00000   0.49020   0.00000
   1.00000   0.47451   0.00000
   1.00000   0.45882   0.00000
   1.00000   0.43922   0.00000
   1.00000   0.42353   0.00000
   1.00000   0.40392   0.00000
   1.00000   0.38824   0.00000
   1.00000   0.37255   0.00000
   1.00000   0.35294   0.00000
   1.00000   0.33725   0.00000
   1.00000   0.32157   0.00000
   1.00000   0.30196   0.00000
   1.00000   0.28627   0.00000
   1.00000   0.27059   0.00000
   0.98431   0.25882   0.00784
   0.97255   0.25098   0.01569
   0.95686   0.24314   0.02353
   0.94510   0.23137   0.03137
   0.92941   0.22353   0.03922
   0.91765   0.21569   0.04706
   0.90196   0.20784   0.05490
   0.89020   0.20392   0.05882
   0.87451   0.19608   0.06667
   0.86275   0.18824   0.07451
   0.84706   0.18431   0.07843
   0.83529   0.17647   0.08627
   0.81961   0.17255   0.09020
   0.80784   0.16471   0.09804
   0.79216   0.16078   0.10196
   0.78039   0.15686   0.10588
   0.76471   0.15294   0.10980
   0.75294   0.14510   0.11765
   0.73725   0.14118   0.12157
   0.72549   0.13725   0.12549
   0.70980   0.13333   0.12941
   0.69804   0.13333   0.13333
   0.70980   0.14902   0.14902
   0.72549   0.16863   0.16863
   0.73725   0.19216   0.19216
   0.75294   0.21176   0.21176
   0.76471   0.23137   0.23137
   0.78039   0.25490   0.25490
   0.79216   0.27843   0.27843
   0.80784   0.30196   0.30196
   0.81961   0.32549   0.32549
   0.83529   0.34902   0.34902
   0.84706   0.37647   0.37647
   0.86275   0.40000   0.40000
   0.87451   0.42745   0.42745
   0.89020   0.45490   0.45490
   0.90196   0.48235   0.48235
   0.91765   0.50980   0.50980
   0.92941   0.54118   0.54118
   0.94510   0.57255   0.57255
   0.95686   0.60000   0.60000
   0.97255   0.63137   0.63137
   0.98431   0.66275   0.66275
   1.00000   0.69804   0.69804
