   0.00000   0.00000   0.00000
   0.00000   0.00000   0.03922
   0.00000   0.00000   0.07843
   0.00000   0.00000   0.12157
   0.00000   0.00000   0.16078
   0.00000   0.00000   0.20000
   0.00000   0.00000   0.23922
   0.00000   0.00000   0.27843
   0.00000   0.00000   0.32157
   0.00000   0.00000   0.36078
   0.00000   0.00000   0.40000
   0.00000   0.00000   0.43922
   0.00000   0.00000   0.47843
   0.00000   0.00000   0.52157
   0.00000   0.00000   0.56078
   0.00000   0.00000   0.60000
   0.00000   0.00000   0.63922
   0.00000   0.00000   0.67843
   0.00000   0.00000   0.72157
   0.00000   0.00000   0.76078
   0.00000   0.00000   0.80000
   0.00000   0.00000   0.83922
   0.00000   0.00000   0.87843
   0.00000   0.00000   0.92157
   0.00000   0.00000   0.96078
   0.00000   0.00000   1.00000
   0.00000   0.03922   1.00000
   0.00000   0.07843   1.00000
   0.00000   0.12157   1.00000
   0.00000   0.16078   1.00000
   0.00000   0.20000   1.00000
   0.00000   0.23922   1.00000
   0.00000   0.27843   1.00000
   0.00000   0.32157   1.00000
   0.00000   0.36078   1.00000
   0.00000   0.40000   1.00000
   0.00000   0.43922   1.00000
   0.00000   0.47843   1.00000
   0.00000   0.52157   1.00000
   0.00000   0.56078   1.00000
   0.00000   0.60000   1.00000
   0.00000   0.63922   1.00000
   0.00000   0.67843   1.00000
   0.00000   0.72157   1.00000
   0.00000   0.76078   1.00000
   0.00000   0.80000   1.00000
   0.00000   0.83922   1.00000
   0.00000   0.87843   1.00000
   0.00000   0.92157   1.00000
   0.00000   0.96078   1.00000
   0.00000   1.00000   1.00000
   0.00000   0.98824   0.96078
   0.00392   0.97647   0.92549
   0.00392   0.96471   0.88627
   0.00392   0.95294   0.85098
   0.00784   0.94118   0.81176
   0.00784   0.92941   0.77255
   0.00784   0.91765   0.73725
   0.01176   0.90588   0.69804
   0.01176   0.89412   0.66275
   0.01176   0.88235   0.62353
   0.01569   0.87059   0.58431
   0.01569   0.85882   0.54902
   0.01569   0.84314   0.50980
   0.01569   0.83137   0.47451
   0.01961   0.81961   0.43529
   0.01961   0.80784   0.39608
   0.01961   0.79608   0.36078
   0.02353   0.78431   0.32157
   0.02353   0.77255   0.28627
   0.02353   0.76078   0.24706
   0.02745   0.74902   0.20784
   0.02745   0.73725   0.17255
   0.02745   0.72549   0.13333
   0.03137   0.71373   0.09804
   0.03137   0.70196   0.05882
   0.07059   0.71373   0.05490
   0.10980   0.72549   0.05490
   0.14902   0.73725   0.05098
   0.18824   0.74902   0.05098
   0.22353   0.76078   0.04706
   0.26275   0.77255   0.04314
   0.30196   0.78431   0.04314
   0.34118   0.79608   0.03922
   0.38039   0.80784   0.03922
   0.41961   0.81961   0.03529
   0.45882   0.83137   0.03137
   0.49804   0.84314   0.03137
   0.53333   0.85882   0.02745
   0.57255   0.87059   0.02745
   0.61176   0.88235   0.02353
   0.65098   0.89412   0.01961
   0.69020   0.90588   0.01961
   0.72941   0.91765   0.01569
   0.76863   0.92941   0.01569
   0.80784   0.94118   0.01176
   0.84314   0.95294   0.00784
   0.88235   0.96471   0.00784
   0.92157   0.97647   0.00392
   0.96078   0.98824   0.00392
   1.00000   1.00000   0.00000
   1.00000   0.98431   0.00000
   1.00000   0.97255   0.00000
   1.00000   0.95686   0.00000
   1.00000   0.94118   0.00000
   1.00000   0.92549   0.00000
   1.00000   0.91373   0.00000
   1.00000   0.89804   0.00000
   1.00000   0.88235   0.00000
   1.00000   0.86667   0.00000
   1.00000   0.85490   0.00000
   1.00000   0.83922   0.00000
   1.00000   0.82353   0.00000
   1.00000   0.80784   0.00000
   1.00000   0.79608   0.00000
   1.00000   0.78039   0.00000
   1.00000   0.76471   0.00000
   1.00000   0.74902   0.00000
   1.00000   0.73725   0.00000
   1.00000   0.72157   0.00000
   1.00000   0.70588   0.00000
   1.00000   0.69020   0.00000
   1.00000   0.67843   0.00000
   1.00000   0.66275   0.00000
   1.00000   0.64706   0.00000
   1.00000   0.61961   0.00000
   1.00000   0.59608   0.00000
   1.00000   0.56863   0.00000
   1.00000   0.54510   0.00000
   1.00000   0.51765   0.00000
   1.00000   0.49020   0.00000
   1.00000   0.46667   0.00000
   1.00000   0.43922   0.00000
   1.00000   0.41569   0.00000
   1.00000   0.38824   0.00000
   1.00000   0.36078   0.00000
   1.00000   0.33725   0.00000
   1.00000   0.30980   0.00000
   1.00000   0.28627   0.00000
   1.00000   0.25882   0.00000
   1.00000   0.23137   0.00000
   1.00000   0.20784   0.00000
   1.00000   0.18039   0.00000
   1.00000   0.15686   0.00000
   1.00000   0.12941   0.00000
   1.00000   0.10196   0.00000
   1.00000   0.07843   0.00000
   1.00000   0.05098   0.00000
   1.00000   0.02745   0.00000
   1.00000   0.00000   0.00000
   0.97255   0.00000   0.01961
   0.94902   0.00000   0.04314
   0.92157   0.00000   0.06275
   0.89412   0.00000   0.08627
   0.86667   0.00000   0.10588
   0.84314   0.00000   0.12941
   0.81569   0.00000   0.14902
   0.78824   0.00000   0.17255
   0.76471   0.00000   0.19216
   0.73725   0.00000   0.21176
   0.70980   0.00000   0.23529
   0.68235   0.00000   0.25490
   0.65882   0.00000   0.27843
   0.63137   0.00000   0.29804
   0.60392   0.00000   0.32157
   0.57647   0.00000   0.34118
   0.55294   0.00000   0.36078
   0.52549   0.00000   0.38431
   0.49804   0.00000   0.40392
   0.47451   0.00000   0.42745
   0.44706   0.00000   0.44706
   0.41961   0.00000   0.47059
   0.39216   0.00000   0.49020
   0.36863   0.00000   0.51373
   0.34118   0.00000   0.53333
   0.36863   0.03922   0.55294
   0.39216   0.07843   0.57255
   0.41961   0.12157   0.58824
   0.44706   0.16078   0.60784
   0.47451   0.20000   0.62745
   0.49804   0.23922   0.64706
   0.52549   0.27843   0.66275
   0.55294   0.32157   0.68235
   0.57647   0.36078   0.70196
   0.60392   0.40000   0.72157
   0.63137   0.43922   0.73725
   0.65882   0.47843   0.75686
   0.68235   0.52157   0.77647
   0.70980   0.56078   0.79608
   0.73725   0.60000   0.81176
   0.76471   0.63922   0.83137
   0.78824   0.67843   0.85098
   0.81569   0.72157   0.87059
   0.84314   0.76078   0.88627
   0.86667   0.80000   0.90588
   0.89412   0.83922   0.92549
   0.92157   0.87843   0.94510
   0.94902   0.92157   0.96078
   0.97255   0.96078   0.98039
   1.00000   1.00000   1.00000
