   0.00000   0.00000   1.00000
   0.00000   0.08235   1.00000
   0.00000   0.16863   1.00000
   0.00000   0.25098   1.00000
   0.00000   0.33333   1.00000
   0.00000   0.41569   1.00000
   0.00000   0.50196   1.00000
   0.00000   0.58431   1.00000
   0.00000   0.66667   1.00000
   0.00000   0.74902   1.00000
   0.00000   0.83529   1.00000
   0.00000   0.91765   1.00000
   0.00000   1.00000   1.00000
   0.04706   1.00000   1.00000
   0.09412   1.00000   1.00000
   0.13725   1.00000   1.00000
   0.18431   1.00000   1.00000
   0.23137   1.00000   1.00000
   0.27843   1.00000   1.00000
   0.32157   1.00000   1.00000
   0.36863   1.00000   1.00000
   0.41569   1.00000   1.00000
   0.46275   1.00000   1.00000
   0.50588   1.00000   1.00000
   0.55294   1.00000   1.00000
   0.60000   1.00000   1.00000
   0.54902   1.00000   0.91765
   0.50196   1.00000   0.83529
   0.45098   1.00000   0.74902
   0.40000   1.00000   0.66667
   0.34902   1.00000   0.58431
   0.30196   1.00000   0.50196
   0.25098   1.00000   0.41569
   0.20000   1.00000   0.33333
   0.14902   1.00000   0.25098
   0.10196   1.00000   0.16863
   0.05098   1.00000   0.08235
   0.00000   1.00000   0.00000
   0.06275   1.00000   0.00000
   0.12157   1.00000   0.00000
   0.18431   1.00000   0.00000
   0.24706   1.00000   0.00000
   0.30588   1.00000   0.00000
   0.36863   1.00000   0.00000
   0.43137   1.00000   0.00000
   0.49412   1.00000   0.00000
   0.55294   1.00000   0.00000
   0.61569   1.00000   0.00000
   0.67843   1.00000   0.00000
   0.73725   1.00000   0.00000
   0.80000   1.00000   0.00000
   0.81176   1.00000   0.00000
   0.82353   1.00000   0.00000
   0.83922   1.00000   0.00000
   0.85098   1.00000   0.00000
   0.86275   1.00000   0.00000
   0.87451   1.00000   0.00000
   0.88627   1.00000   0.00000
   0.90196   1.00000   0.00000
   0.91373   1.00000   0.00000
   0.92549   1.00000   0.00000
   0.93725   1.00000   0.00000
   0.94902   1.00000   0.00000
   0.96078   1.00000   0.00000
   0.97647   1.00000   0.00000
   0.98824   1.00000   0.00000
   1.00000   1.00000   0.00000
   1.00000   0.97255   0.00000
   1.00000   0.94118   0.00000
   1.00000   0.91373   0.00000
   1.00000   0.88235   0.00000
   1.00000   0.85490   0.00000
   1.00000   0.82353   0.00000
   1.00000   0.79608   0.00000
   1.00000   0.76471   0.00000
   1.00000   0.73725   0.00000
   1.00000   0.70588   0.00000
   1.00000   0.67843   0.00000
   1.00000   0.64706   0.00000
   1.00000   0.61961   0.00000
   1.00000   0.58824   0.00000
   1.00000   0.56078   0.00000
   1.00000   0.52941   0.00000
   1.00000   0.50196   0.00000
   1.00000   0.47059   0.00000
   1.00000   0.43922   0.00000
   1.00000   0.40784   0.00000
   1.00000   0.37647   0.00000
   1.00000   0.34510   0.00000
   1.00000   0.31373   0.00000
   1.00000   0.28235   0.00000
   1.00000   0.25098   0.00000
   1.00000   0.21961   0.00000
   1.00000   0.18824   0.00000
   1.00000   0.15686   0.00000
   1.00000   0.12549   0.00000
   1.00000   0.09412   0.00000
   1.00000   0.06275   0.00000
   1.00000   0.03137   0.00000
   1.00000   0.00000   0.00000
