   0.09804   0.04706   0.95294
   0.14118   0.04706   0.95294
   0.21961   0.28627   0.96078
   0.33333   0.61176   0.96471
   0.43529   0.91373   0.70196
   0.36471   0.78824   0.38039
   0.31373   0.66667   0.15686
   0.31765   0.64314   0.09804
   0.45098   0.76471   0.11373
   0.59608   0.86275   0.12157
   1.00000   1.00000   1.00000
   1.00000   1.00000   1.00000
   0.97647   0.99608   0.16078
   0.91373   0.87059   0.14118
   0.89020   0.76078   0.12941
   0.85882   0.63137   0.12549
   0.79216   0.37647   0.10196
   0.75294   0.19216   0.09412
   0.74118   0.01176   0.09020
   0.52157   0.00000   0.10980
   0.28627   0.00392   0.24706
   0.17255   0.01569   0.36863
