   0.00000   0.00000   1.00000
   0.00000   0.03137   1.00000
   0.00000   0.05882   1.00000
   0.00000   0.09020   1.00000
   0.00000   0.12157   1.00000
   0.00000   0.15294   1.00000
   0.00000   0.18039   1.00000
   0.00000   0.21176   1.00000
   0.00000   0.24314   1.00000
   0.00000   0.27451   1.00000
   0.00000   0.30196   1.00000
   0.00000   0.33333   1.00000
   0.00000   0.36471   1.00000
   0.00000   0.39216   1.00000
   0.00000   0.42353   1.00000
   0.00000   0.45490   1.00000
   0.00000   0.48627   1.00000
   0.00000   0.51373   1.00000
   0.00000   0.54510   1.00000
   0.00000   0.57647   1.00000
   0.00000   0.60784   1.00000
   0.00000   0.63529   1.00000
   0.00000   0.66667   1.00000
   0.00000   0.69804   1.00000
   0.00000   0.72549   1.00000
   0.00000   0.75686   1.00000
   0.00000   0.78824   1.00000
   0.00000   0.81961   1.00000
   0.00000   0.84706   1.00000
   0.00000   0.87843   1.00000
   0.00000   0.90980   1.00000
   0.00000   0.94118   1.00000
   0.00000   0.96863   1.00000
   0.00000   1.00000   1.00000
   0.00000   0.99216   0.97255
   0.00000   0.98039   0.94118
   0.00392   0.97255   0.91373
   0.00392   0.96471   0.88627
   0.00392   0.95294   0.85882
   0.00392   0.94510   0.82745
   0.00784   0.93725   0.80000
   0.00784   0.92941   0.77255
   0.00784   0.91765   0.74510
   0.00784   0.90980   0.71373
   0.01176   0.90196   0.68627
   0.01176   0.89020   0.65882
   0.01176   0.88235   0.62745
   0.01176   0.87451   0.60000
   0.01569   0.86275   0.57255
   0.01569   0.85490   0.54510
   0.01569   0.84706   0.51373
   0.01569   0.83922   0.48627
   0.01961   0.82745   0.45882
   0.01961   0.81961   0.43137
   0.01961   0.81176   0.40000
   0.01961   0.80000   0.37255
   0.02353   0.79216   0.34510
   0.02353   0.78431   0.31373
   0.02353   0.77255   0.28627
   0.02353   0.76471   0.25882
   0.02745   0.75686   0.23137
   0.02745   0.74902   0.20000
   0.02745   0.73725   0.17255
   0.02745   0.72941   0.14510
   0.03137   0.72157   0.11765
   0.03137   0.70980   0.08627
   0.03137   0.70196   0.05882
   0.05882   0.70980   0.05882
   0.09020   0.71765   0.05490
   0.11765   0.72941   0.05490
   0.14510   0.73725   0.05098
   0.17255   0.74510   0.05098
   0.20392   0.75294   0.04706
   0.23137   0.76471   0.04706
   0.25882   0.77255   0.04314
   0.28627   0.78039   0.04314
   0.31765   0.78824   0.04314
   0.34510   0.80000   0.03922
   0.37255   0.80784   0.03922
   0.40000   0.81569   0.03529
   0.43137   0.82353   0.03529
   0.45882   0.83529   0.03137
   0.48627   0.84314   0.03137
   0.51765   0.85098   0.03137
   0.54510   0.85882   0.02745
   0.57255   0.86667   0.02745
   0.60000   0.87843   0.02353
   0.63137   0.88627   0.02353
   0.65882   0.89412   0.01961
   0.68627   0.90196   0.01961
   0.71373   0.91373   0.01569
   0.74510   0.92157   0.01569
   0.77255   0.92941   0.01569
   0.80000   0.93725   0.01176
   0.82745   0.94902   0.01176
   0.85882   0.95686   0.00784
   0.88627   0.96471   0.00784
   0.91373   0.97255   0.00392
   0.94118   0.98431   0.00392
   0.97255   0.99216   0.00000
   1.00000   1.00000   0.00000
   1.00000   0.98824   0.00000
   1.00000   0.98039   0.00000
   1.00000   0.96863   0.00000
   1.00000   0.95686   0.00000
   1.00000   0.94510   0.00000
   1.00000   0.93725   0.00000
   1.00000   0.92549   0.00000
   1.00000   0.91373   0.00000
   1.00000   0.90196   0.00000
   1.00000   0.89412   0.00000
   1.00000   0.88235   0.00000
   1.00000   0.87059   0.00000
   1.00000   0.86275   0.00000
   1.00000   0.85098   0.00000
   1.00000   0.83922   0.00000
   1.00000   0.82745   0.00000
   1.00000   0.81961   0.00000
   1.00000   0.80784   0.00000
   1.00000   0.79608   0.00000
   1.00000   0.78431   0.00000
   1.00000   0.77647   0.00000
   1.00000   0.76471   0.00000
   1.00000   0.75294   0.00000
   1.00000   0.74510   0.00000
   1.00000   0.73333   0.00000
   1.00000   0.72157   0.00000
   1.00000   0.70980   0.00000
   1.00000   0.70196   0.00000
   1.00000   0.69020   0.00000
   1.00000   0.67843   0.00000
   1.00000   0.66667   0.00000
   1.00000   0.65882   0.00000
   1.00000   0.64706   0.00000
   1.00000   0.62745   0.00000
   1.00000   0.60784   0.00000
   1.00000   0.58824   0.00000
   1.00000   0.56863   0.00000
   1.00000   0.54902   0.00000
   1.00000   0.52941   0.00000
   1.00000   0.50980   0.00000
   1.00000   0.49020   0.00000
   1.00000   0.47059   0.00000
   1.00000   0.45098   0.00000
   1.00000   0.43137   0.00000
   1.00000   0.41176   0.00000
   1.00000   0.39216   0.00000
   1.00000   0.37255   0.00000
   1.00000   0.35294   0.00000
   1.00000   0.33333   0.00000
   1.00000   0.31373   0.00000
   1.00000   0.29412   0.00000
   1.00000   0.27451   0.00000
   1.00000   0.25490   0.00000
   1.00000   0.23529   0.00000
   1.00000   0.21569   0.00000
   1.00000   0.19608   0.00000
   1.00000   0.17647   0.00000
   1.00000   0.15686   0.00000
   1.00000   0.13725   0.00000
   1.00000   0.11765   0.00000
   1.00000   0.09804   0.00000
   1.00000   0.07843   0.00000
   1.00000   0.05882   0.00000
   1.00000   0.03922   0.00000
   1.00000   0.01961   0.00000
   1.00000   0.00000   0.00000
   0.98039   0.00000   0.01569
   0.96078   0.00000   0.03137
   0.94118   0.00000   0.04706
   0.92157   0.00000   0.06275
   0.90196   0.00000   0.08235
   0.87843   0.00000   0.09804
   0.85882   0.00000   0.11373
   0.83922   0.00000   0.12941
   0.81961   0.00000   0.14510
   0.80000   0.00000   0.16078
   0.78039   0.00000   0.17647
   0.76078   0.00000   0.19216
   0.74118   0.00000   0.21176
   0.72157   0.00000   0.22745
   0.70196   0.00000   0.24314
   0.68235   0.00000   0.25882
   0.65882   0.00000   0.27451
   0.63922   0.00000   0.29020
   0.61961   0.00000   0.30588
   0.60000   0.00000   0.32157
   0.58039   0.00000   0.34118
   0.56078   0.00000   0.35686
   0.54118   0.00000   0.37255
   0.52157   0.00000   0.38824
   0.50196   0.00000   0.40392
   0.48235   0.00000   0.41961
   0.46275   0.00000   0.43529
   0.43922   0.00000   0.45098
   0.41961   0.00000   0.47059
   0.40000   0.00000   0.48627
   0.38039   0.00000   0.50196
   0.36078   0.00000   0.51765
   0.34118   0.00000   0.53333
