   0.00000   0.00000   0.50196
   0.00000   0.00000   0.52157
   0.00000   0.00000   0.54118
   0.00000   0.00000   0.56078
   0.00000   0.00000   0.58039
   0.00000   0.00000   0.60000
   0.00000   0.00000   0.61961
   0.00000   0.00000   0.64314
   0.00000   0.00000   0.66275
   0.00000   0.00000   0.68235
   0.00000   0.00000   0.70196
   0.00000   0.00000   0.72157
   0.00000   0.00000   0.74118
   0.00000   0.00000   0.76078
   0.00000   0.00000   0.78039
   0.00000   0.00000   0.80000
   0.00000   0.00000   0.81961
   0.00000   0.00000   0.83922
   0.00000   0.00000   0.85882
   0.00000   0.00000   0.88235
   0.00000   0.00000   0.90196
   0.00000   0.00000   0.92157
   0.00000   0.00000   0.94118
   0.00000   0.00000   0.96078
   0.00000   0.00000   0.98039
   0.00000   0.00000   1.00000
   0.03922   0.03922   1.00000
   0.07843   0.07843   1.00000
   0.12157   0.12157   1.00000
   0.16078   0.16078   1.00000
   0.20000   0.20000   1.00000
   0.23922   0.23922   1.00000
   0.27843   0.27843   1.00000
   0.32157   0.32157   1.00000
   0.36078   0.36078   1.00000
   0.40000   0.40000   1.00000
   0.43922   0.43922   1.00000
   0.47843   0.47843   1.00000
   0.52157   0.52157   1.00000
   0.56078   0.56078   1.00000
   0.60000   0.60000   1.00000
   0.63922   0.63922   1.00000
   0.67843   0.67843   1.00000
   0.72157   0.72157   1.00000
   0.76078   0.76078   1.00000
   0.80000   0.80000   1.00000
   0.83922   0.83922   1.00000
   0.87843   0.87843   1.00000
   1.00000   0.87843   0.87843
   1.00000   0.83922   0.83922
   1.00000   0.80000   0.80000
   1.00000   0.76078   0.76078
   1.00000   0.72157   0.72157
   1.00000   0.67843   0.67843
   1.00000   0.63922   0.63922
   1.00000   0.60000   0.60000
   1.00000   0.56078   0.56078
   1.00000   0.52157   0.52157
   1.00000   0.47843   0.47843
   1.00000   0.43922   0.43922
   1.00000   0.40000   0.40000
   1.00000   0.36078   0.36078
   1.00000   0.32157   0.32157
   1.00000   0.27843   0.27843
   1.00000   0.23922   0.23922
   1.00000   0.20000   0.20000
   1.00000   0.16078   0.16078
   1.00000   0.12157   0.12157
   1.00000   0.07843   0.07843
   1.00000   0.03922   0.03922
   1.00000   0.00000   0.00000
   0.98039   0.00000   0.00000
   0.96078   0.00000   0.00000
   0.94118   0.00000   0.00000
   0.92157   0.00000   0.00000
   0.90196   0.00000   0.00000
   0.88235   0.00000   0.00000
   0.85882   0.00000   0.00000
   0.83922   0.00000   0.00000
   0.81961   0.00000   0.00000
   0.80000   0.00000   0.00000
   0.78039   0.00000   0.00000
   0.76078   0.00000   0.00000
   0.74118   0.00000   0.00000
   0.72157   0.00000   0.00000
   0.70196   0.00000   0.00000
   0.68235   0.00000   0.00000
   0.66275   0.00000   0.00000
   0.64314   0.00000   0.00000
   0.61961   0.00000   0.00000
   0.60000   0.00000   0.00000
   0.58039   0.00000   0.00000
   0.56078   0.00000   0.00000
   0.54118   0.00000   0.00000
   0.52157   0.00000   0.00000
   0.50196   0.00000   0.00000
