   0.00000   0.40000   0.40000
   0.00000   0.60000   0.60000
   0.00000   0.80000   0.80000
   0.00000   1.00000   1.00000
   0.20000   1.00000   1.00000
   0.39608   1.00000   1.00000
   0.60000   1.00000   1.00000
   0.69804   1.00000   1.00000
   0.79608   1.00000   1.00000
   0.89804   1.00000   1.00000
   1.00000   0.89804   0.79608
   1.00000   0.79216   0.60000
   1.00000   0.67843   0.39608
   1.00000   0.55686   0.20000
   1.00000   0.43137   0.00000
   0.80000   0.33333   0.00000
   0.60000   0.23922   0.00000
   0.40000   0.15294   0.00000
