   0.09804   0.32157   1.00000
   0.10588   0.32941   1.00000
   0.10980   0.33333   1.00000
   0.11765   0.33725   1.00000
   0.12157   0.34118   1.00000
   0.12941   0.34510   1.00000
   0.13333   0.34902   1.00000
   0.14118   0.35294   1.00000
   0.14510   0.36078   1.00000
   0.15294   0.36471   1.00000
   0.15686   0.36863   1.00000
   0.16471   0.37255   1.00000
   0.16863   0.37647   1.00000
   0.17647   0.38039   1.00000
   0.18039   0.38431   1.00000
   0.18824   0.39216   1.00000
   0.19216   0.39608   1.00000
   0.20000   0.40000   1.00000
   0.20784   0.40392   1.00000
   0.21176   0.40784   1.00000
   0.21961   0.41176   1.00000
   0.22353   0.41569   1.00000
   0.23137   0.42353   1.00000
   0.23529   0.42745   1.00000
   0.24314   0.43137   1.00000
   0.24706   0.43529   1.00000
   0.25490   0.43922   1.00000
   0.25882   0.44314   1.00000
   0.26667   0.45098   1.00000
   0.27059   0.45490   1.00000
   0.27843   0.45882   1.00000
   0.28235   0.46275   1.00000
   0.29020   0.46667   1.00000
   0.29412   0.47059   1.00000
   0.30196   0.47451   1.00000
   0.30980   0.48235   1.00000
   0.31373   0.48627   1.00000
   0.32157   0.49020   1.00000
   0.32549   0.49412   1.00000
   0.33333   0.49804   1.00000
   0.33725   0.50196   1.00000
   0.34510   0.50588   1.00000
   0.34902   0.51373   1.00000
   0.35686   0.51765   1.00000
   0.36078   0.52157   1.00000
   0.36863   0.52549   1.00000
   0.37255   0.52941   1.00000
   0.38039   0.53333   1.00000
   0.38431   0.53725   1.00000
   0.39216   0.54510   1.00000
   0.40000   0.54902   1.00000
   0.40392   0.55294   1.00000
   0.41176   0.55686   1.00000
   0.41569   0.56078   1.00000
   0.42353   0.56471   1.00000
   0.42745   0.56863   1.00000
   0.43529   0.57647   1.00000
   0.43922   0.58039   1.00000
   0.44706   0.58431   1.00000
   0.45098   0.58824   1.00000
   0.45882   0.59216   1.00000
   0.46275   0.59608   1.00000
   0.47059   0.60392   1.00000
   0.47451   0.60784   1.00000
   0.48235   0.61176   1.00000
   0.48627   0.61569   1.00000
   0.49412   0.61961   1.00000
   0.50196   0.62353   1.00000
   0.50588   0.62745   1.00000
   0.51373   0.63529   1.00000
   0.51765   0.63922   1.00000
   0.52549   0.64314   1.00000
   0.52941   0.64706   1.00000
   0.53725   0.65098   1.00000
   0.54118   0.65490   1.00000
   0.54902   0.65882   1.00000
   0.55294   0.66667   1.00000
   0.56078   0.67059   1.00000
   0.56471   0.67451   1.00000
   0.57255   0.67843   1.00000
   0.57647   0.68235   1.00000
   0.58431   0.68627   1.00000
   0.58824   0.69020   1.00000
   0.59608   0.69804   1.00000
   0.60392   0.70196   1.00000
   0.60784   0.70588   1.00000
   0.61569   0.70980   1.00000
   0.61961   0.71373   1.00000
   0.62745   0.71765   1.00000
   0.63137   0.72549   1.00000
   0.63922   0.72941   1.00000
   0.64314   0.73333   1.00000
   0.65098   0.73725   1.00000
   0.65490   0.74118   1.00000
   0.66275   0.74510   1.00000
   0.66667   0.74902   1.00000
   0.67451   0.75686   1.00000
   0.67843   0.76078   1.00000
   0.68627   0.76471   1.00000
   0.69020   0.76863   1.00000
   0.69804   0.77255   1.00000
   0.70588   0.77647   1.00000
   0.70980   0.78039   1.00000
   0.71765   0.78824   1.00000
   0.72157   0.79216   1.00000
   0.72941   0.79608   1.00000
   0.73333   0.80000   1.00000
   0.74118   0.80392   1.00000
   0.74510   0.80784   1.00000
   0.75294   0.81176   1.00000
   0.75686   0.81961   1.00000
   0.76471   0.82353   1.00000
   0.76863   0.82745   1.00000
   0.77647   0.83137   1.00000
   0.78039   0.83529   1.00000
   0.78824   0.83922   1.00000
   0.79216   0.84314   1.00000
   0.80000   0.85098   1.00000
   0.80784   0.85490   1.00000
   0.81176   0.85882   1.00000
   0.81961   0.86275   1.00000
   0.82353   0.86667   1.00000
   0.83137   0.87059   1.00000
   0.83529   0.87843   1.00000
   0.84314   0.88235   1.00000
   0.84706   0.88627   1.00000
   1.00000   0.84706   0.84706
   1.00000   0.84314   0.84314
   1.00000   0.83529   0.83529
   1.00000   0.83137   0.83137
   1.00000   0.82353   0.82353
   1.00000   0.81961   0.81961
   1.00000   0.81176   0.81176
   1.00000   0.80784   0.80784
   1.00000   0.80000   0.80000
   1.00000   0.79216   0.79216
   1.00000   0.78824   0.78824
   1.00000   0.78039   0.78039
   1.00000   0.77647   0.77647
   1.00000   0.76863   0.76863
   1.00000   0.76471   0.76471
   1.00000   0.75686   0.75686
   1.00000   0.75294   0.75294
   1.00000   0.74510   0.74510
   1.00000   0.74118   0.74118
   1.00000   0.73333   0.73333
   1.00000   0.72941   0.72941
   1.00000   0.72157   0.72157
   1.00000   0.71765   0.71765
   1.00000   0.70980   0.70980
   1.00000   0.70588   0.70588
   1.00000   0.69804   0.69804
   1.00000   0.69020   0.69020
   1.00000   0.68627   0.68627
   1.00000   0.67843   0.67843
   1.00000   0.67451   0.67451
   1.00000   0.66667   0.66667
   1.00000   0.66275   0.66275
   1.00000   0.65490   0.65490
   1.00000   0.65098   0.65098
   1.00000   0.64314   0.64314
   1.00000   0.63922   0.63922
   1.00000   0.63137   0.63137
   1.00000   0.62745   0.62745
   1.00000   0.61961   0.61961
   1.00000   0.61569   0.61569
   1.00000   0.60784   0.60784
   1.00000   0.60392   0.60392
   1.00000   0.59608   0.59608
   1.00000   0.58824   0.58824
   1.00000   0.58431   0.58431
   1.00000   0.57647   0.57647
   1.00000   0.57255   0.57255
   1.00000   0.56471   0.56471
   1.00000   0.56078   0.56078
   1.00000   0.55294   0.55294
   1.00000   0.54902   0.54902
   1.00000   0.54118   0.54118
   1.00000   0.53725   0.53725
   1.00000   0.52941   0.52941
   1.00000   0.52549   0.52549
   1.00000   0.51765   0.51765
   1.00000   0.51373   0.51373
   1.00000   0.50588   0.50588
   1.00000   0.50196   0.50196
   1.00000   0.49412   0.49412
   1.00000   0.48627   0.48627
   1.00000   0.48235   0.48235
   1.00000   0.47451   0.47451
   1.00000   0.47059   0.47059
   1.00000   0.46275   0.46275
   1.00000   0.45882   0.45882
   1.00000   0.45098   0.45098
   1.00000   0.44706   0.44706
   1.00000   0.43922   0.43922
   1.00000   0.43529   0.43529
   1.00000   0.42745   0.42745
   1.00000   0.42353   0.42353
   1.00000   0.41569   0.41569
   1.00000   0.41176   0.41176
   1.00000   0.40392   0.40392
   1.00000   0.39608   0.39608
   1.00000   0.39216   0.39216
   1.00000   0.38431   0.38431
   1.00000   0.38039   0.38039
   1.00000   0.37255   0.37255
   1.00000   0.36863   0.36863
   1.00000   0.36078   0.36078
   1.00000   0.35686   0.35686
   1.00000   0.34902   0.34902
   1.00000   0.34510   0.34510
   1.00000   0.33725   0.33725
   1.00000   0.33333   0.33333
   1.00000   0.32549   0.32549
   1.00000   0.32157   0.32157
   1.00000   0.31373   0.31373
   1.00000   0.30980   0.30980
   1.00000   0.30196   0.30196
   1.00000   0.29412   0.29412
   1.00000   0.29020   0.29020
   1.00000   0.28235   0.28235
   1.00000   0.27843   0.27843
   1.00000   0.27059   0.27059
   1.00000   0.26667   0.26667
   1.00000   0.25882   0.25882
   1.00000   0.25490   0.25490
   1.00000   0.24706   0.24706
   1.00000   0.24314   0.24314
   1.00000   0.23529   0.23529
   1.00000   0.23137   0.23137
   1.00000   0.22353   0.22353
   1.00000   0.21961   0.21961
   1.00000   0.21176   0.21176
   1.00000   0.20784   0.20784
   1.00000   0.20000   0.20000
   1.00000   0.19216   0.19216
   1.00000   0.18824   0.18824
   1.00000   0.18039   0.18039
   1.00000   0.17647   0.17647
   1.00000   0.16863   0.16863
   1.00000   0.16471   0.16471
   1.00000   0.15686   0.15686
   1.00000   0.15294   0.15294
   1.00000   0.14510   0.14510
   1.00000   0.14118   0.14118
   1.00000   0.13333   0.13333
   1.00000   0.12941   0.12941
   1.00000   0.12157   0.12157
   1.00000   0.11765   0.11765
   1.00000   0.10980   0.10980
   1.00000   0.10588   0.10588
   1.00000   0.09804   0.09804
   0.82745   0.82745   0.82745
