   0.14118   0.00000   0.84706
   0.09412   0.10980   0.96863
   0.15686   0.34118   1.00000
   0.23922   0.52941   1.00000
   0.33725   0.69020   1.00000
   0.45882   0.82745   1.00000
   0.60000   0.91765   1.00000
   0.73725   0.97647   1.00000
   0.91765   1.00000   1.00000
   1.00000   1.00000   0.91765
   1.00000   0.94510   0.73725
   1.00000   0.83922   0.60000
   1.00000   0.67451   0.45882
   1.00000   0.47059   0.33725
   1.00000   0.23922   0.23922
   0.96863   0.15294   0.20784
   0.84706   0.08235   0.18431
   0.64706   0.00000   0.12941
