   0.01961   0.13725   0.31373
   0.01961   0.14510   0.32549
   0.01961   0.15294   0.33725
   0.01961   0.15686   0.34902
   0.01961   0.16471   0.36078
   0.02353   0.17255   0.37255
   0.02353   0.18039   0.38431
   0.02353   0.18824   0.39216
   0.02353   0.19216   0.40392
   0.02353   0.20000   0.41569
   0.02353   0.20784   0.42745
   0.02353   0.21569   0.43922
   0.02353   0.22353   0.45098
   0.02745   0.23137   0.46275
   0.02745   0.23529   0.47451
   0.02745   0.24314   0.48627
   0.02745   0.25098   0.49804
   0.02745   0.25882   0.50980
   0.02745   0.26667   0.52157
   0.02745   0.27059   0.53333
   0.02745   0.27843   0.54118
   0.02745   0.28627   0.55294
   0.03137   0.29412   0.56471
   0.03137   0.30196   0.57647
   0.03137   0.30588   0.58824
   0.03137   0.32157   0.61176
   0.03922   0.32941   0.61961
   0.04706   0.34118   0.62353
   0.05882   0.34902   0.63137
   0.06667   0.36078   0.63922
   0.07451   0.36863   0.64314
   0.08235   0.38039   0.65098
   0.09412   0.38824   0.65882
   0.10196   0.40000   0.66275
   0.10980   0.40784   0.67059
   0.11765   0.41961   0.67843
   0.12941   0.42745   0.68235
   0.13725   0.43922   0.69020
   0.14510   0.44706   0.69804
   0.15294   0.45490   0.70196
   0.16078   0.46667   0.70980
   0.17255   0.47451   0.71373
   0.18039   0.48627   0.72157
   0.18824   0.49412   0.72941
   0.19608   0.50588   0.73333
   0.20784   0.51373   0.74118
   0.21569   0.52549   0.74902
   0.22353   0.53333   0.75294
   0.23137   0.54510   0.76078
   0.24314   0.55294   0.76863
   0.25882   0.57255   0.78039
   0.26667   0.57647   0.78431
   0.27059   0.58431   0.78431
   0.27843   0.58824   0.78824
   0.28235   0.59608   0.78824
   0.29020   0.60000   0.79216
   0.29804   0.60784   0.79216
   0.30196   0.61176   0.79608
   0.30980   0.61569   0.80000
   0.31765   0.62353   0.80000
   0.32157   0.62745   0.80392
   0.32941   0.63529   0.80392
   0.33333   0.63922   0.80784
   0.34118   0.64706   0.81176
   0.34902   0.65098   0.81176
   0.35294   0.65490   0.81569
   0.36078   0.66275   0.81569
   0.36471   0.66667   0.81961
   0.37255   0.67451   0.81961
   0.38039   0.67843   0.82353
   0.38431   0.68235   0.82745
   0.39216   0.69020   0.82745
   0.40000   0.69412   0.83137
   0.40392   0.70196   0.83137
   0.41176   0.70588   0.83529
   0.41569   0.71373   0.83529
   0.42353   0.71765   0.83922
   0.43137   0.72157   0.84314
   0.44314   0.72941   0.84314
   0.45098   0.73333   0.84706
   0.46275   0.74118   0.84706
   0.47059   0.74510   0.85098
   0.47843   0.75294   0.85490
   0.49020   0.75686   0.85490
   0.49804   0.76078   0.85882
   0.50588   0.76863   0.86275
   0.51765   0.77255   0.86275
   0.52549   0.78039   0.86667
   0.53725   0.78431   0.86667
   0.54510   0.79216   0.87059
   0.55294   0.79608   0.87451
   0.56471   0.80000   0.87451
   0.57255   0.80784   0.87843
   0.58431   0.81176   0.87843
   0.59216   0.81961   0.88235
   0.60000   0.82353   0.88627
   0.61176   0.82745   0.88627
   0.61961   0.83529   0.89020
   0.62745   0.83922   0.89412
   0.63922   0.84706   0.89412
   0.64706   0.85098   0.89804
   0.66667   0.86275   0.90196
   0.67451   0.86667   0.90588
   0.68235   0.87059   0.90980
   0.69020   0.87451   0.91373
   0.69804   0.87843   0.91765
   0.70196   0.88235   0.92157
   0.70980   0.88627   0.92549
   0.71765   0.89020   0.92941
   0.72549   0.89412   0.93333
   0.73333   0.89804   0.93725
   0.74118   0.90196   0.94118
   0.74902   0.90588   0.94510
   0.75686   0.90980   0.94902
   0.76471   0.91373   0.95294
   0.76863   0.91373   0.95294
   0.77647   0.91765   0.95686
   0.78431   0.92157   0.96078
   0.79216   0.92549   0.96471
   0.80000   0.92941   0.96863
   0.80784   0.93333   0.97255
   0.81569   0.93725   0.97647
   0.82353   0.94118   0.98039
   0.82745   0.94510   0.98431
   0.83529   0.94902   0.98824
   0.84314   0.95294   0.99216
   0.85882   0.96078   1.00000
   1.00000   1.00000   0.78431
   1.00000   0.99608   0.77255
   1.00000   0.99216   0.75686
   1.00000   0.98824   0.74510
   1.00000   0.98431   0.73333
   1.00000   0.98039   0.72157
   1.00000   0.97647   0.70588
   1.00000   0.97255   0.69412
   1.00000   0.96863   0.68235
   1.00000   0.96471   0.67059
   1.00000   0.96078   0.65490
   1.00000   0.95686   0.64314
   1.00000   0.95294   0.63137
   1.00000   0.95294   0.61961
   1.00000   0.94902   0.60392
   1.00000   0.94510   0.59216
   1.00000   0.94118   0.58039
   1.00000   0.93725   0.56471
   1.00000   0.93333   0.55294
   1.00000   0.92941   0.54118
   1.00000   0.92549   0.52941
   1.00000   0.92157   0.51373
   1.00000   0.91765   0.50196
   1.00000   0.91373   0.49020
   1.00000   0.90980   0.47843
   1.00000   0.90196   0.45098
   1.00000   0.89804   0.44314
   0.99608   0.89020   0.43529
   0.99608   0.88627   0.42745
   0.99216   0.88235   0.42353
   0.99216   0.87843   0.41569
   0.98824   0.87059   0.40784
   0.98824   0.86667   0.40000
   0.98431   0.86275   0.39216
   0.98431   0.85882   0.38431
   0.98039   0.85098   0.38039
   0.98039   0.84706   0.37255
   0.97647   0.84314   0.36471
   0.97647   0.83922   0.35686
   0.97255   0.83137   0.34902
   0.97255   0.82745   0.34118
   0.96863   0.82353   0.33333
   0.96863   0.81569   0.32941
   0.96471   0.81176   0.32157
   0.96471   0.80784   0.31373
   0.96078   0.80392   0.30588
   0.96078   0.79608   0.29804
   0.95686   0.79216   0.29020
   0.95686   0.78824   0.28627
   0.95294   0.78431   0.27843
   0.94902   0.77255   0.26275
   0.94902   0.76078   0.25490
   0.94510   0.74902   0.24706
   0.94510   0.73725   0.24314
   0.94118   0.72549   0.23529
   0.94118   0.71373   0.22745
   0.93725   0.70196   0.21961
   0.93725   0.69020   0.21176
   0.93333   0.67843   0.20784
   0.93333   0.66667   0.20000
   0.92941   0.65490   0.19216
   0.92941   0.64314   0.18431
   0.92549   0.63137   0.17647
   0.92549   0.62353   0.17255
   0.92549   0.61176   0.16471
   0.92157   0.60000   0.15686
   0.92157   0.58824   0.14902
   0.91765   0.57647   0.14118
   0.91765   0.56471   0.13333
   0.91373   0.55294   0.12941
   0.91373   0.54118   0.12157
   0.90980   0.52941   0.11373
   0.90980   0.51765   0.10588
   0.90588   0.50588   0.09804
   0.90588   0.49412   0.09412
   0.90196   0.48235   0.08627
   0.90196   0.47059   0.07843
   0.89804   0.46275   0.07451
   0.89412   0.45490   0.07059
   0.89020   0.44706   0.07059
   0.88235   0.43922   0.06667
   0.87843   0.43137   0.06275
   0.87451   0.42353   0.05882
   0.87059   0.41961   0.05882
   0.86667   0.41176   0.05490
   0.86275   0.40392   0.05098
   0.85490   0.39608   0.04706
   0.85098   0.38824   0.04706
   0.84706   0.38039   0.04314
   0.84314   0.37255   0.03922
   0.83922   0.36471   0.03529
   0.83529   0.35686   0.03137
   0.83137   0.34902   0.03137
   0.82353   0.34118   0.02745
   0.81961   0.33333   0.02353
   0.81569   0.32549   0.01961
   0.81176   0.32157   0.01961
   0.80784   0.31373   0.01569
   0.80392   0.30588   0.01176
   0.79608   0.29804   0.00784
   0.79216   0.29020   0.00784
   0.78431   0.27451   0.00000
   0.77647   0.27059   0.00392
   0.76471   0.26667   0.00784
   0.75686   0.26275   0.01176
   0.74510   0.25490   0.01569
   0.73725   0.25098   0.01569
   0.72549   0.24706   0.01961
   0.71765   0.24314   0.02353
   0.70588   0.23922   0.02745
   0.69804   0.23529   0.03137
   0.68627   0.22745   0.03529
   0.67843   0.22353   0.03922
   0.66667   0.21961   0.04314
   0.65882   0.21569   0.04706
   0.64706   0.21176   0.04706
   0.63922   0.20784   0.05098
   0.62745   0.20392   0.05490
   0.61961   0.19608   0.05882
   0.60784   0.19216   0.06275
   0.60000   0.18824   0.06667
   0.58824   0.18431   0.07059
   0.58039   0.18039   0.07451
   0.56863   0.17647   0.07451
   0.56078   0.16863   0.07843
   0.54902   0.16471   0.08235
   0.52941   0.15686   0.09020
