   1.00000   0.00000   0.00000
   1.00000   0.50196   0.00000
   1.00000   1.00000   0.00000
   0.00000   1.00000   0.00000
   0.00000   0.00000   1.00000
   0.50196   0.00000   1.00000
   0.85882   0.85882   1.00000
   0.76078   0.76078   0.98039
   0.61961   0.61961   0.96863
   0.50980   0.50980   1.00000
   0.38039   0.38039   1.00000
   0.25098   0.25098   0.90980
   0.00000   0.00000   0.76078
   0.00000   0.00000   0.58039
   0.87059   0.98039   0.96078
   0.76078   0.96078   0.92941
   0.61176   0.90196   0.85098
   0.43922   0.80000   0.74902
   0.16863   0.72157   0.63922
   0.00000   0.61176   0.52157
   0.00000   0.47059   0.40000
   0.00000   0.36078   0.30980
   0.85882   1.00000   0.85882
   0.72941   0.96078   0.72941
   0.54902   0.92157   0.54902
   0.36078   0.81961   0.36078
   0.00000   0.72157   0.00000
   0.00000   0.56863   0.00000
   0.00000   0.41176   0.00000
   0.00000   0.30196   0.00000
   0.92157   0.80000   1.00000
   0.87059   0.69020   1.00000
   0.78039   0.58039   0.92941
   0.72941   0.43922   0.92941
   0.67059   0.30196   0.92941
   0.54118   0.20000   0.78039
   0.41961   0.00000   0.72941
   0.32941   0.00000   0.56863
   0.98039   0.89020   0.94118
   0.96863   0.80000   0.90196
   0.96078   0.67843   0.83922
   0.94118   0.54118   0.76078
   0.85098   0.36078   0.63922
   0.74118   0.00000   0.50980
   0.60000   0.00000   0.41961
   0.45882   0.00000   0.32157
   1.00000   0.85882   0.85882
   1.00000   0.74118   0.74118
   1.00000   0.56863   0.56863
   0.98039   0.38039   0.38039
   0.83922   0.10196   0.10196
   0.63922   0.00000   0.00000
   0.49020   0.00000   0.00000
   0.36078   0.00000   0.00000
   1.00000   0.98824   0.83922
   0.98824   0.94902   0.65882
   0.98824   0.92941   0.50196
   0.89020   0.81961   0.00000
   0.78039   0.72941   0.16863
   0.63137   0.58824   0.00000
   0.47059   0.43922   0.00000
   0.32941   0.32157   0.00000
   1.00000   0.87059   0.78039
   0.98824   0.78039   0.63137
   0.98039   0.69020   0.49020
   0.90980   0.56078   0.30980
   0.81961   0.41176   0.12157
   0.72941   0.30196   0.00000
   0.60000   0.25098   0.00000
   0.45098   0.18824   0.00000
   0.94118   0.94118   0.94118
   0.87059   0.87059   0.87059
   0.78039   0.78039   0.78039
   0.67059   0.67059   0.67059
   0.56863   0.56863   0.56863
   0.47059   0.47059   0.47059
   0.36863   0.36863   0.36863
   0.29020   0.29020   0.29020
