   1.00000   0.70196   1.00000
   0.97647   0.68235   0.98824
   0.95686   0.66667   0.98039
   0.93333   0.65098   0.96863
   0.90980   0.63529   0.96078
   0.88235   0.61569   0.94902
   0.85882   0.60000   0.94118
   0.83529   0.58431   0.92941
   0.80784   0.56863   0.92157
   0.78431   0.55686   0.90980
   0.75686   0.54118   0.90196
   0.72941   0.52549   0.89020
   0.70196   0.50980   0.87843
   0.67451   0.49412   0.87059
   0.64706   0.48235   0.85882
   0.61961   0.46667   0.85098
   0.59216   0.45490   0.83922
   0.56471   0.43922   0.83137
   0.53725   0.42745   0.81961
   0.50980   0.41176   0.81176
   0.48235   0.40000   0.80000
   0.45098   0.38824   0.78824
   0.42353   0.37255   0.78039
   0.39608   0.36078   0.76863
   0.36863   0.34902   0.76078
   0.33725   0.33725   0.74902
   0.32549   0.34118   0.74118
   0.31373   0.34510   0.72941
   0.30196   0.35294   0.72157
   0.29020   0.35686   0.70980
   0.27843   0.36078   0.70196
   0.27059   0.36863   0.69020
   0.25882   0.37647   0.67843
   0.24706   0.38039   0.67059
   0.23922   0.38824   0.65882
   0.22745   0.39608   0.65098
   0.21569   0.40000   0.63922
   0.20784   0.40784   0.63137
   0.20000   0.41569   0.61961
   0.18824   0.42353   0.61176
   0.18039   0.43137   0.60000
   0.17255   0.43529   0.58824
   0.16078   0.44314   0.58039
   0.15294   0.45098   0.56863
   0.14510   0.45882   0.56078
   0.13725   0.46667   0.54902
   0.12941   0.47059   0.54118
   0.12157   0.47843   0.52941
   0.11373   0.48627   0.52157
   0.10588   0.49020   0.50980
   0.09804   0.49804   0.50196
   0.09412   0.49020   0.47843
   0.08627   0.47843   0.45098
   0.07843   0.47059   0.42745
   0.07451   0.45882   0.40000
   0.06667   0.45098   0.37647
   0.06275   0.43922   0.35294
   0.05490   0.43137   0.32941
   0.05098   0.41961   0.30588
   0.04706   0.41176   0.28235
   0.03922   0.40000   0.25882
   0.03529   0.38824   0.23529
   0.03137   0.38039   0.21569
   0.02745   0.36863   0.19216
   0.02353   0.36078   0.17255
   0.01569   0.34902   0.15294
   0.01176   0.34118   0.13333
   0.01176   0.32941   0.11373
   0.00784   0.32157   0.09804
   0.00392   0.30980   0.07843
   0.00000   0.30196   0.06275
   0.00392   0.30980   0.05490
   0.00784   0.32157   0.04706
   0.01176   0.32941   0.03922
   0.01176   0.34118   0.03137
   0.01569   0.34902   0.01961
   0.03137   0.36078   0.02353
   0.05098   0.36863   0.02745
   0.07059   0.38039   0.03137
   0.09020   0.38824   0.03529
   0.10980   0.40000   0.03922
   0.12941   0.41176   0.04706
   0.14902   0.41961   0.05098
   0.17255   0.43137   0.05490
   0.19216   0.43922   0.06275
   0.21569   0.45098   0.06667
   0.23922   0.45882   0.07451
   0.26275   0.47059   0.07843
   0.28627   0.47843   0.08627
   0.30980   0.49020   0.09412
   0.33725   0.50196   0.09804
   0.36078   0.50980   0.10588
   0.38431   0.52157   0.11373
   0.41176   0.52941   0.12157
   0.43529   0.54118   0.12941
   0.46275   0.54902   0.13725
   0.49020   0.56078   0.14510
   0.51373   0.56863   0.15294
   0.54118   0.58039   0.16078
   0.56863   0.58824   0.17255
   0.59608   0.60000   0.18039
   0.61176   0.60000   0.18824
   0.61961   0.59216   0.20000
   0.63137   0.58431   0.20784
   0.63922   0.57647   0.21569
   0.65098   0.57255   0.22745
   0.65882   0.56471   0.23922
   0.67059   0.55686   0.24706
   0.67843   0.54902   0.25882
   0.69020   0.54510   0.27059
   0.70196   0.53725   0.27843
   0.70980   0.52941   0.29020
   0.72157   0.52549   0.30196
   0.72941   0.51765   0.31373
   0.74118   0.51373   0.32549
   0.74902   0.50980   0.33725
   0.76078   0.50196   0.34902
   0.76863   0.49804   0.36078
   0.78039   0.49412   0.37255
   0.78824   0.49020   0.38824
   0.80000   0.48627   0.40000
   0.81176   0.48235   0.41176
   0.81961   0.47843   0.42745
   0.83137   0.47843   0.43922
   0.83922   0.47451   0.45490
   0.85098   0.47451   0.46667
   0.85882   0.48235   0.49020
   0.87059   0.49412   0.52157
   0.87843   0.50980   0.54902
   0.89020   0.52549   0.57647
   0.90196   0.54118   0.60784
   0.90980   0.55686   0.63529
   0.92157   0.56863   0.66275
   0.92941   0.58431   0.69020
   0.94118   0.60000   0.71765
   0.94902   0.61569   0.74510
   0.96078   0.63529   0.77255
   0.96863   0.65098   0.80000
   0.98039   0.66667   0.82353
   0.98824   0.68235   0.85098
   1.00000   0.70196   0.87451
   0.98039   0.67059   0.85098
   0.96078   0.64706   0.82745
   0.94118   0.61961   0.80784
   0.92157   0.59216   0.78431
   0.90196   0.56863   0.76078
   0.87843   0.54118   0.73725
   0.85882   0.51765   0.71765
   0.83922   0.49412   0.69412
   0.81961   0.47059   0.67451
   0.80000   0.44706   0.65490
   0.78039   0.42745   0.63137
   0.76078   0.40392   0.61176
   0.74118   0.38431   0.59216
   0.72157   0.36471   0.57255
   0.70196   0.34118   0.55294
   0.67843   0.32549   0.53333
   0.65882   0.30588   0.51373
   0.63922   0.28627   0.49412
   0.61961   0.27059   0.47451
   0.60000   0.25098   0.45490
   0.58039   0.23529   0.43529
   0.56078   0.21961   0.41961
   0.54118   0.20392   0.40000
   0.52157   0.18824   0.38039
   0.50196   0.17647   0.36471
   0.47843   0.16078   0.34902
   0.45882   0.14902   0.32941
   0.43922   0.13725   0.31373
   0.41961   0.12157   0.29804
   0.40000   0.11373   0.27843
   0.38039   0.10196   0.26275
   0.36078   0.09020   0.24706
   0.34118   0.08235   0.23137
   0.32157   0.07059   0.21569
   0.30196   0.06275   0.20000
   0.27843   0.05490   0.18431
   0.25882   0.04706   0.17255
   0.23922   0.03922   0.15686
   0.21961   0.03529   0.14118
   0.20000   0.02745   0.12941
   0.18039   0.02353   0.11373
   0.16078   0.01961   0.10196
   0.14118   0.01176   0.08627
   0.12157   0.01176   0.07451
   0.10196   0.00784   0.06275
   0.07843   0.00392   0.04706
   0.05882   0.00392   0.03529
   0.03922   0.00000   0.02353
   0.01961   0.00000   0.01176
   1.00000   1.00000   1.00000
   0.98039   0.98039   0.98039
   0.96078   0.96078   0.96078
   0.94118   0.94118   0.94118
   0.92157   0.92157   0.92157
   0.90196   0.90196   0.90196
   0.87843   0.87843   0.87843
   0.85882   0.85882   0.85882
   0.83922   0.83922   0.83922
   0.81961   0.81961   0.81961
   0.80000   0.80000   0.80000
   0.78039   0.78039   0.78039
   0.76078   0.76078   0.76078
   0.74118   0.74118   0.74118
   0.72157   0.72157   0.72157
   0.70196   0.70196   0.70196
   0.67843   0.67843   0.67843
   0.65882   0.65882   0.65882
   0.63922   0.63922   0.63922
   0.61961   0.61961   0.61961
   0.60000   0.60000   0.60000
   0.58039   0.58039   0.58039
   0.56078   0.56078   0.56078
   0.54118   0.54118   0.54118
   0.52157   0.52157   0.52157
   0.50196   0.50196   0.50196
   0.47843   0.47843   0.47843
   0.45882   0.45882   0.45882
   0.43922   0.43922   0.43922
   0.41961   0.41961   0.41961
   0.40000   0.40000   0.40000
   0.38039   0.38039   0.38039
   0.36078   0.36078   0.36078
   0.34118   0.34118   0.34118
   0.32157   0.32157   0.32157
   0.30196   0.30196   0.30196
   0.27843   0.27843   0.27843
   0.25882   0.25882   0.25882
   0.23922   0.23922   0.23922
   0.21961   0.21961   0.21961
   0.20000   0.20000   0.20000
   0.18039   0.18039   0.18039
   0.16078   0.16078   0.16078
   0.14118   0.14118   0.14118
   0.12157   0.12157   0.12157
   0.10196   0.10196   0.10196
   0.07843   0.07843   0.07843
   0.05882   0.05882   0.05882
   0.03922   0.03922   0.03922
   0.01961   0.01961   0.01961
   0.00000   0.00000   0.00000
