   0.30196   0.00000   0.30196
   0.29804   0.00392   0.30980
   0.29412   0.00784   0.32157
   0.29020   0.01176   0.32941
   0.28627   0.01176   0.34118
   0.28235   0.01569   0.34902
   0.27843   0.02353   0.36078
   0.27451   0.02745   0.36863
   0.26667   0.03137   0.38039
   0.26275   0.03529   0.38824
   0.25490   0.03922   0.40000
   0.25098   0.04706   0.41176
   0.24314   0.05098   0.41961
   0.23529   0.05490   0.43137
   0.22745   0.06275   0.43922
   0.21961   0.06667   0.45098
   0.21176   0.07451   0.45882
   0.20392   0.07843   0.47059
   0.19608   0.08627   0.47843
   0.18824   0.09412   0.49020
   0.18039   0.09804   0.50196
   0.17255   0.10588   0.50980
   0.16471   0.11373   0.52157
   0.15686   0.12157   0.52941
   0.14902   0.12941   0.54118
   0.13725   0.13725   0.54902
   0.14510   0.16078   0.56078
   0.15294   0.18431   0.56863
   0.16078   0.21176   0.58039
   0.17255   0.23529   0.58824
   0.18039   0.26275   0.60000
   0.18824   0.29020   0.61176
   0.20000   0.31373   0.61961
   0.20784   0.34118   0.63137
   0.21569   0.36863   0.63922
   0.22745   0.39608   0.65098
   0.23922   0.42353   0.65882
   0.24706   0.44706   0.67059
   0.25882   0.47451   0.67843
   0.27059   0.50196   0.69020
   0.27843   0.52941   0.70196
   0.29020   0.55686   0.70980
   0.30196   0.58431   0.72157
   0.31373   0.61176   0.72941
   0.32549   0.63922   0.74118
   0.33725   0.66667   0.74902
   0.34902   0.69020   0.76078
   0.36078   0.71765   0.76863
   0.37255   0.74510   0.78039
   0.38824   0.77255   0.78824
   0.40000   0.79608   0.80000
   0.41176   0.81176   0.79608
   0.42745   0.81961   0.79216
   0.43922   0.83137   0.78431
   0.45490   0.83922   0.78039
   0.46667   0.85098   0.77647
   0.48235   0.85882   0.77255
   0.49412   0.87059   0.76863
   0.50980   0.87843   0.76471
   0.52549   0.89020   0.76078
   0.54118   0.90196   0.75686
   0.55686   0.90980   0.75686
   0.56863   0.92157   0.75294
   0.58431   0.92941   0.75294
   0.60000   0.94118   0.75294
   0.61569   0.94902   0.75294
   0.63529   0.96078   0.75294
   0.65098   0.96863   0.75294
   0.66667   0.98039   0.75686
   0.68235   0.98824   0.76078
   0.70196   1.00000   0.76078
   0.68235   0.98824   0.73333
   0.66667   0.98039   0.70588
   0.65098   0.96863   0.67843
   0.63529   0.96078   0.65098
   0.61569   0.94902   0.61961
   0.61176   0.94118   0.60000
   0.61176   0.92941   0.58431
   0.60784   0.92157   0.56863
   0.60784   0.90980   0.55686
   0.60784   0.90196   0.54118
   0.60784   0.89020   0.52549
   0.61176   0.87843   0.50980
   0.61176   0.87059   0.49412
   0.61569   0.85882   0.48235
   0.61569   0.85098   0.46667
   0.61961   0.83922   0.45490
   0.62353   0.83137   0.43922
   0.62745   0.81961   0.42745
   0.63137   0.81176   0.41176
   0.63529   0.80000   0.40000
   0.63922   0.78824   0.38824
   0.64706   0.78039   0.37255
   0.65098   0.76863   0.36078
   0.65882   0.76078   0.34902
   0.66275   0.74902   0.33725
   0.67059   0.74118   0.32549
   0.67451   0.72941   0.31373
   0.68235   0.72157   0.30196
   0.69020   0.70980   0.29020
   0.69412   0.70196   0.27843
   0.69020   0.67843   0.27059
   0.67843   0.65098   0.25882
   0.67059   0.62353   0.24706
   0.65882   0.59608   0.23922
   0.65098   0.57255   0.22745
   0.63922   0.54510   0.21569
   0.63137   0.51765   0.20784
   0.61961   0.49020   0.20000
   0.61176   0.46275   0.18824
   0.60000   0.43922   0.18039
   0.58824   0.41176   0.17255
   0.58039   0.38431   0.16078
   0.56863   0.36078   0.15294
   0.56078   0.33333   0.14510
   0.54902   0.30980   0.13725
   0.54118   0.28235   0.12941
   0.52941   0.25882   0.12157
   0.52157   0.23529   0.11373
   0.50980   0.20784   0.10588
   0.50196   0.18431   0.09804
   0.49020   0.16078   0.09412
   0.47843   0.14118   0.08627
   0.47059   0.11765   0.07843
   0.45882   0.09412   0.07451
   0.45098   0.07451   0.06667
   0.43922   0.06275   0.07059
   0.43137   0.05490   0.07843
   0.41961   0.05098   0.09020
   0.41176   0.04706   0.09804
   0.40000   0.03922   0.10588
   0.38824   0.03529   0.11373
   0.38039   0.03137   0.12157
   0.36863   0.02745   0.12941
   0.36078   0.02353   0.13725
   0.34902   0.01569   0.14510
   0.34118   0.01176   0.15294
   0.32941   0.01176   0.15686
   0.32157   0.00784   0.16471
   0.30980   0.00392   0.16863
   0.30196   0.00000   0.17647
   0.31373   0.00784   0.18431
   0.32941   0.01176   0.19608
   0.34118   0.01961   0.20784
   0.35686   0.02745   0.21961
   0.36863   0.03529   0.23137
   0.38431   0.04706   0.24314
   0.39608   0.05490   0.25490
   0.41176   0.06667   0.26667
   0.42745   0.07843   0.28235
   0.43922   0.08627   0.29412
   0.45490   0.09804   0.30588
   0.46667   0.11373   0.32157
   0.48235   0.12549   0.33333
   0.49412   0.13725   0.34902
   0.50980   0.15294   0.36078
   0.52549   0.16863   0.37647
   0.53725   0.18431   0.38824
   0.55294   0.20000   0.40392
   0.56471   0.21569   0.41961
   0.58039   0.23137   0.43529
   0.59216   0.25098   0.45098
   0.60784   0.26667   0.46667
   0.62353   0.28627   0.48235
   0.63529   0.30588   0.49804
   0.65098   0.32549   0.51373
   0.66275   0.34510   0.52941
   0.67843   0.36471   0.54902
   0.69020   0.38824   0.56471
   0.70588   0.40784   0.58431
   0.72157   0.43137   0.60000
   0.73333   0.45490   0.61961
   0.74902   0.47843   0.63529
   0.76078   0.50196   0.65490
   0.77647   0.52941   0.67059
   0.78824   0.55294   0.69020
   0.80392   0.58039   0.70980
   0.81961   0.60392   0.72941
   0.83137   0.63137   0.74902
   0.84706   0.65882   0.76863
   0.85882   0.68627   0.78824
   0.87451   0.71765   0.80784
   0.88627   0.74510   0.82745
   0.90196   0.77647   0.85098
   0.91765   0.80784   0.87059
   0.92941   0.83529   0.89020
   0.94510   0.86667   0.91373
   0.95686   0.90196   0.93333
   0.97255   0.93333   0.95686
   0.98431   0.96471   0.97647
   1.00000   1.00000   1.00000
   0.98039   0.98039   0.98039
   0.96078   0.96078   0.96078
   0.94118   0.94118   0.94118
   0.92157   0.92157   0.92157
   0.90196   0.90196   0.90196
   0.87843   0.87843   0.87843
   0.85882   0.85882   0.85882
   0.83922   0.83922   0.83922
   0.81961   0.81961   0.81961
   0.80000   0.80000   0.80000
   0.78039   0.78039   0.78039
   0.76078   0.76078   0.76078
   0.74118   0.74118   0.74118
   0.72157   0.72157   0.72157
   0.70196   0.70196   0.70196
   0.67843   0.67843   0.67843
   0.65882   0.65882   0.65882
   0.63922   0.63922   0.63922
   0.61961   0.61961   0.61961
   0.60000   0.60000   0.60000
   0.58039   0.58039   0.58039
   0.56078   0.56078   0.56078
   0.54118   0.54118   0.54118
   0.52157   0.52157   0.52157
   0.50196   0.50196   0.50196
   0.47843   0.47843   0.47843
   0.45882   0.45882   0.45882
   0.43922   0.43922   0.43922
   0.41961   0.41961   0.41961
   0.40000   0.40000   0.40000
   0.38039   0.38039   0.38039
   0.36078   0.36078   0.36078
   0.34118   0.34118   0.34118
   0.32157   0.32157   0.32157
   0.30196   0.30196   0.30196
   0.27843   0.27843   0.27843
   0.25882   0.25882   0.25882
   0.23922   0.23922   0.23922
   0.21961   0.21961   0.21961
   0.20000   0.20000   0.20000
   0.18039   0.18039   0.18039
   0.16078   0.16078   0.16078
   0.14118   0.14118   0.14118
   0.12157   0.12157   0.12157
   0.10196   0.10196   0.10196
   0.07843   0.07843   0.07843
   0.05882   0.05882   0.05882
   0.03922   0.03922   0.03922
   0.01961   0.01961   0.01961
   0.00000   0.00000   0.00000
