   1.00000   0.00000   0.00000
   1.00000   0.24706   0.00000
   1.00000   0.49020   0.00000
   1.00000   0.74510   0.00000
   1.00000   0.88235   0.00000
   1.00000   1.00000   0.00000
   0.49020   1.00000   0.00000
   0.49020   0.80000   0.00000
   0.00000   0.58824   0.00000
   0.00000   0.74510   0.00000
   0.00000   1.00000   0.35294
   0.00000   1.00000   0.74510
   0.00000   1.00000   1.00000
   0.00000   0.74510   1.00000
   0.00000   0.49020   1.00000
   0.00000   0.24706   1.00000
   0.00000   0.00000   1.00000
   0.24706   0.00000   1.00000
   0.49020   0.00000   1.00000
   0.74510   0.00000   1.00000
   1.00000   0.00000   1.00000
   1.00000   0.00000   0.74510
   1.00000   0.00000   0.49020
   1.00000   0.00000   0.24706
