   0.23922   0.39216   0.88627
   0.92157   0.43137   0.43137
   0.94118   0.50196   0.50196
   0.44706   0.78431   0.94902
   0.72157   0.88235   0.95686
   0.81176   0.92157   0.97647
   1.00000   1.00000   1.00000
   1.00000   1.00000   1.00000
   1.00000   1.00000   1.00000
   1.00000   1.00000   1.00000
   1.00000   1.00000   1.00000
   1.00000   1.00000   1.00000
   0.81176   0.92157   0.97647
   0.72157   0.88235   0.95686
   0.44706   0.78431   0.94902
   0.94118   0.50196   0.50196
   0.92157   0.43137   0.43137
   0.23922   0.39216   0.88627
