   0.00000   0.99216   0.99216
   0.03137   0.87059   0.99216
   0.06275   0.74118   0.99216
   0.09412   0.61569   0.99216
   0.12549   0.49020   0.99216
   0.15686   0.36471   0.99216
   0.18824   0.23529   0.99216
   0.33333   0.33333   0.99216
   0.52157   0.52157   0.99216
   0.70980   0.70980   0.99216
   0.90196   0.90196   0.99216
   0.99216   0.90196   0.90196
   0.99216   0.70980   0.70980
   0.99216   0.52157   0.52157
   0.99216   0.33333   0.33333
   0.99216   0.23529   0.18824
   0.99216   0.36471   0.15686
   0.99216   0.49020   0.12549
   0.99216   0.61569   0.09412
   0.99216   0.74118   0.06275
   0.99216   0.87843   0.03137
   0.99216   0.99216   0.00000
