   0.14510   0.22353   0.68627
   0.14510   0.26667   0.73333
   0.14902   0.30980   0.78039
   0.14902   0.35294   0.82745
   0.15294   0.39608   0.87451
   0.15294   0.44314   0.92157
   0.15686   0.48627   0.96863
   0.16078   0.52549   0.98431
   0.16863   0.56471   0.98824
   0.17255   0.60392   0.99216
   0.18039   0.64314   0.99216
   0.18431   0.68235   0.99608
   0.19216   0.72157   1.00000
   0.21176   0.75686   1.00000
   0.24314   0.78431   1.00000
   0.27843   0.81176   1.00000
   0.31373   0.83922   1.00000
   0.34902   0.86667   1.00000
   0.38431   0.89804   1.00000
   0.41961   0.92157   0.99608
   0.43922   0.92157   0.94510
   0.45882   0.92157   0.89412
   0.47843   0.92157   0.84314
   0.49804   0.92549   0.79216
   0.51765   0.92549   0.74118
   0.53725   0.92549   0.69412
   0.57647   0.93333   0.67451
   0.61569   0.94510   0.67059
   0.65882   0.95686   0.66275
   0.69804   0.96863   0.65490
   0.74118   0.98039   0.64706
   0.78431   0.99216   0.63922
   0.81569   0.99216   0.62353
   0.83529   0.98039   0.59608
   0.85882   0.96863   0.57255
   0.87843   0.95686   0.54510
   0.90196   0.94510   0.52157
   0.92549   0.93333   0.49412
   0.94118   0.92157   0.47059
   0.95294   0.89020   0.45098
   0.96078   0.86275   0.42745
   0.97255   0.83137   0.40784
   0.98039   0.80392   0.38431
   0.98824   0.77255   0.36471
   1.00000   0.74510   0.34510
   1.00000   0.72549   0.32941
   1.00000   0.70980   0.31765
   1.00000   0.69020   0.30588
   1.00000   0.67451   0.29412
   1.00000   0.65490   0.28235
   1.00000   0.63922   0.27059
   1.00000   0.63922   0.29020
   1.00000   0.65490   0.33333
   1.00000   0.67059   0.37255
   1.00000   0.68627   0.41176
   1.00000   0.70196   0.45098
   1.00000   0.71765   0.49412
   1.00000   0.74118   0.54510
   1.00000   0.78431   0.61961
   1.00000   0.82745   0.69804
   1.00000   0.87059   0.77255
   1.00000   0.91373   0.84706
   1.00000   0.95686   0.92549
   1.00000   1.00000   1.00000
