   0.19216   0.21176   0.58431
   0.20392   0.24706   0.60000
   0.21569   0.28235   0.61961
   0.22353   0.31765   0.63529
   0.23529   0.34902   0.65098
   0.24706   0.38431   0.67059
   0.25882   0.41961   0.68627
   0.27059   0.45490   0.70588
   0.29412   0.48627   0.72157
   0.31765   0.51765   0.73725
   0.34510   0.54902   0.75294
   0.37255   0.58039   0.76863
   0.39608   0.61176   0.78431
   0.42353   0.63922   0.80000
   0.45098   0.67059   0.81569
   0.47843   0.69804   0.83137
   0.50980   0.72157   0.84314
   0.53725   0.74510   0.85490
   0.56863   0.76863   0.87059
   0.60000   0.79608   0.88235
   0.63137   0.81961   0.89412
   0.65882   0.84314   0.90980
   0.69020   0.85882   0.91765
   0.71765   0.87451   0.92941
   0.74902   0.89020   0.93725
   0.77647   0.90196   0.94510
   0.80784   0.91765   0.95294
   0.83529   0.93333   0.96078
   0.86667   0.94510   0.96863
   0.88627   0.94902   0.94118
   0.90588   0.93725   0.88235
   0.92157   0.92549   0.82745
   0.93725   0.91765   0.76863
   0.95294   0.90588   0.70980
   0.96863   0.89412   0.65490
   0.98824   0.88235   0.59608
   0.99608   0.86667   0.55294
   0.99608   0.83922   0.52549
   0.99608   0.81176   0.50196
   0.99608   0.78431   0.47451
   0.99216   0.75686   0.45098
   0.99216   0.72941   0.42353
   0.99216   0.70196   0.39608
   0.99216   0.67059   0.37647
   0.98431   0.63529   0.35686
   0.98039   0.60000   0.34118
   0.97647   0.56471   0.32549
   0.97255   0.52549   0.30980
   0.96471   0.49020   0.29020
   0.96078   0.45490   0.27451
   0.95294   0.41961   0.25882
   0.93725   0.38824   0.24314
   0.92157   0.35294   0.22745
   0.90588   0.31765   0.21176
   0.89020   0.28627   0.19608
   0.87451   0.25098   0.18039
   0.85882   0.21961   0.16863
   0.83922   0.18431   0.15294
   0.81176   0.15686   0.15294
   0.78431   0.13333   0.15294
   0.75686   0.10588   0.15294
   0.72941   0.07843   0.14902
   0.70196   0.05098   0.14902
   0.67451   0.02745   0.14902
