   1.00000   1.00000   0.96863
   1.00000   1.00000   0.90588
   1.00000   1.00000   0.84314
   1.00000   1.00000   0.78039
   1.00000   1.00000   0.71765
   1.00000   1.00000   0.65490
   1.00000   1.00000   0.59216
   1.00000   1.00000   0.52941
   1.00000   1.00000   0.47059
   1.00000   1.00000   0.40784
   1.00000   1.00000   0.34510
   1.00000   1.00000   0.28235
   1.00000   1.00000   0.21961
   1.00000   1.00000   0.15686
   1.00000   1.00000   0.09412
   1.00000   1.00000   0.03137
   1.00000   0.96863   0.03137
   1.00000   0.90588   0.09412
   1.00000   0.84314   0.15686
   1.00000   0.78039   0.21961
   1.00000   0.71765   0.28235
   1.00000   0.65490   0.34510
   1.00000   0.59216   0.40784
   1.00000   0.52941   0.47059
   1.00000   0.47059   0.52941
   1.00000   0.40784   0.59216
   1.00000   0.34510   0.65490
   1.00000   0.28235   0.71765
   1.00000   0.21961   0.78039
   1.00000   0.15686   0.84314
   1.00000   0.09412   0.90588
   1.00000   0.03137   0.96863
   1.00000   0.00000   0.96863
   1.00000   0.00000   0.90588
   1.00000   0.00000   0.84314
   1.00000   0.00000   0.78039
   1.00000   0.00000   0.71765
   1.00000   0.00000   0.65490
   1.00000   0.00000   0.59216
   1.00000   0.00000   0.52941
   1.00000   0.00000   0.47059
   1.00000   0.00000   0.40784
   1.00000   0.00000   0.34510
   1.00000   0.00000   0.28235
   1.00000   0.00000   0.21961
   1.00000   0.00000   0.15686
   1.00000   0.00000   0.09412
   1.00000   0.00000   0.03137
   0.96863   0.03137   0.03137
   0.90588   0.09412   0.09412
   0.84314   0.15686   0.15686
   0.78039   0.21961   0.21961
   0.71765   0.28235   0.28235
   0.65490   0.34510   0.34510
   0.59216   0.40784   0.40784
   0.52941   0.47059   0.47059
   0.47059   0.52941   0.52941
   0.40784   0.59216   0.59216
   0.34510   0.65490   0.65490
   0.28235   0.71765   0.71765
   0.21961   0.78039   0.78039
   0.15686   0.84314   0.84314
   0.09412   0.90588   0.90588
   0.03137   0.96863   0.96863
   0.00000   1.00000   0.96863
   0.00000   1.00000   0.93726
   0.00000   1.00000   0.87451
   0.00000   1.00000   0.81177
   0.00000   1.00000   0.78039
   0.00000   1.00000   0.71765
   0.00000   1.00000   0.65490
   0.00000   1.00000   0.59216
   0.00000   1.00000   0.52941
   0.00000   1.00000   0.47059
   0.00000   1.00000   0.40784
   0.00000   1.00000   0.34510
   0.00000   1.00000   0.28235
   0.00000   1.00000   0.21961
   0.00000   1.00000   0.15686
   0.00000   1.00000   0.09412
   0.00000   1.00000   0.03137
   0.00000   0.96863   0.03137
   0.00000   0.90588   0.09412
   0.00000   0.84314   0.15686
   0.00000   0.78039   0.21961
   0.00000   0.71765   0.28235
   0.00000   0.65490   0.34510
   0.00000   0.59216   0.40784
   0.00000   0.52941   0.47059
   0.00000   0.47059   0.52941
   0.00000   0.40784   0.59216
   0.00000   0.34510   0.65490
   0.00000   0.28235   0.71765
   0.00000   0.21961   0.78039
   0.00000   0.15686   0.84314
   0.00000   0.09412   0.90588
   0.00000   0.03137   0.96863
   0.00000   0.00000   0.96863
   0.00000   0.00000   0.90588
   0.00000   0.00000   0.84314
   0.00000   0.00000   0.78039
   0.00000   0.00000   0.71765
   0.00000   0.00000   0.65490
   0.00000   0.00000   0.59216
   0.00000   0.00000   0.52941
   0.00000   0.00000   0.47059
   0.00000   0.00000   0.40784
   0.00000   0.00000   0.34510
   0.00000   0.00000   0.28235
   0.00000   0.00000   0.21961
   0.00000   0.00000   0.15686
   0.00000   0.00000   0.09412
   0.00000   0.00000   0.03137
