   0.00000   0.00000   1.00000
   0.00784   0.00000   0.98824
   0.01961   0.00000   0.97647
   0.03137   0.00392   0.96471
   0.04314   0.01176   0.95294
   0.05490   0.03529   0.94118
   0.06667   0.07843   0.92941
   0.07451   0.15294   0.92157
   0.08627   0.26275   0.90980
   0.09804   0.41176   0.89804
   0.10588   0.58431   0.89020
   0.11765   0.75686   0.87843
   0.12549   0.89804   0.87059
   0.13725   0.98431   0.85882
   0.14510   0.99216   0.85098
   0.15294   0.93333   0.84314
   0.16471   0.81569   0.83137
   0.17255   0.67059   0.82353
   0.18039   0.52157   0.81569
   0.18824   0.38824   0.80784
   0.19608   0.29020   0.80000
   0.20784   0.23137   0.78824
   0.21569   0.21176   0.78039
   0.22353   0.23922   0.77255
   0.23137   0.30196   0.76471
   0.23922   0.39608   0.75686
   0.24314   0.50980   0.75294
   0.25098   0.63529   0.74510
   0.25882   0.76078   0.73725
   0.26667   0.86667   0.72941
   0.27451   0.94510   0.72157
   0.28235   0.98824   0.71373
   0.28627   0.99608   0.70980
   0.29412   0.96471   0.70196
   0.30196   0.90588   0.69412
   0.30588   0.81961   0.69020
   0.31373   0.72157   0.68235
   0.31765   0.61961   0.67843
   0.32549   0.51765   0.67059
   0.32941   0.42745   0.66667
   0.33725   0.34902   0.65882
   0.34118   0.29020   0.65490
   0.34510   0.24706   0.65098
   0.35294   0.21961   0.64314
   0.35686   0.21176   0.63922
   0.36078   0.22353   0.63529
   0.36471   0.24706   0.63137
   0.37255   0.28235   0.62353
   0.37647   0.32941   0.61961
   0.38039   0.38824   0.61569
   0.38431   0.45490   0.61176
   0.38824   0.52157   0.60784
   0.39216   0.59216   0.60392
   0.39608   0.66275   0.60000
   0.40000   0.73333   0.59608
   0.40392   0.79608   0.59216
   0.40784   0.85098   0.58824
   0.41176   0.89804   0.58431
   0.41569   0.93725   0.58039
   0.41961   0.96863   0.57647
   0.42353   0.98824   0.57255
   0.42745   0.99608   0.56863
   0.43137   0.99608   0.56471
   0.43137   0.99216   0.56471
   0.43529   0.97647   0.56078
   0.43922   0.95686   0.55686
   0.44314   0.92941   0.55294
   0.44314   0.89804   0.55294
   0.44706   0.86667   0.54902
   0.45098   0.82745   0.54510
   0.45098   0.79216   0.54510
   0.45490   0.75294   0.54118
   0.45490   0.71373   0.54118
   0.45882   0.67843   0.53725
   0.45882   0.63922   0.53725
   0.46275   0.60392   0.53333
   0.46275   0.57255   0.53333
   0.46667   0.53725   0.52941
   0.46667   0.50980   0.52941
   0.47059   0.47843   0.52549
   0.47059   0.45490   0.52549
   0.47451   0.42745   0.52157
   0.47451   0.40784   0.52157
   0.47451   0.38431   0.52157
   0.47843   0.36471   0.51765
   0.47843   0.34902   0.51765
   0.47843   0.33333   0.51765
   0.48235   0.31765   0.51373
   0.48235   0.30588   0.51373
   0.48235   0.29412   0.51373
   0.48627   0.28627   0.50980
   0.48627   0.27451   0.50980
   0.48627   0.26667   0.50980
   0.48627   0.25882   0.50980
   0.49020   0.25490   0.50588
   0.49020   0.24706   0.50588
   0.49020   0.24314   0.50588
   0.49020   0.23922   0.50588
   0.49020   0.23529   0.50588
   0.49412   0.23137   0.50196
   0.49412   0.23137   0.50196
   0.49412   0.22745   0.50196
   0.49412   0.22353   0.50196
   0.49412   0.22353   0.50196
   0.49412   0.22353   0.50196
   0.49412   0.21961   0.50196
   0.49412   0.21961   0.50196
   0.49412   0.21961   0.50196
   0.49804   0.21961   0.49804
   0.49804   0.21569   0.49804
   0.49804   0.21569   0.49804
   0.49804   0.21569   0.49804
   0.49804   0.21569   0.49804
   0.49804   0.21569   0.49804
   0.49804   0.21569   0.49804
   0.49804   0.21569   0.49804
   0.49804   0.21569   0.49804
   0.49804   0.21569   0.49804
   0.49804   0.21569   0.49804
   0.49804   0.21569   0.49804
   0.49804   0.21569   0.49804
   0.49804   0.21569   0.49804
   0.49804   0.21569   0.49804
   0.49804   0.21569   0.49804
   0.49804   0.21569   0.49804
   0.49804   0.21569   0.49804
   0.49804   0.21569   0.49804
   0.49804   0.21569   0.49804
   0.49804   0.21569   0.49804
   0.49804   0.21569   0.49804
   0.49804   0.21569   0.49804
   0.49804   0.21569   0.49804
   0.49804   0.21569   0.49804
   0.49804   0.21569   0.49804
   0.49804   0.21569   0.49804
   0.49804   0.21569   0.49804
   0.49804   0.21569   0.49804
   0.49804   0.21569   0.49804
   0.49804   0.21569   0.49804
   0.49804   0.21569   0.49804
   0.49804   0.21569   0.49804
   0.49804   0.21569   0.49804
   0.49804   0.21569   0.49804
   0.49804   0.21176   0.49804
   0.49804   0.21176   0.49804
   0.49804   0.21176   0.49804
   0.49804   0.21176   0.49804
   0.49804   0.21176   0.49804
   0.49804   0.21176   0.49804
   0.50196   0.21176   0.49412
   0.50196   0.21176   0.49412
   0.50196   0.21176   0.49412
   0.50196   0.21569   0.49412
   0.50196   0.21569   0.49412
   0.50196   0.21569   0.49412
   0.50196   0.21569   0.49412
   0.50196   0.21569   0.49412
   0.50196   0.21961   0.49412
   0.50588   0.21961   0.49020
   0.50588   0.22353   0.49020
   0.50588   0.22353   0.49020
   0.50588   0.22745   0.49020
   0.50588   0.23137   0.49020
   0.50980   0.23529   0.48627
   0.50980   0.23922   0.48627
   0.50980   0.24706   0.48627
   0.50980   0.25098   0.48627
   0.51373   0.25882   0.48235
   0.51373   0.27059   0.48235
   0.51373   0.27843   0.48235
   0.51765   0.29020   0.47843
   0.51765   0.30588   0.47843
   0.51765   0.31765   0.47843
   0.52157   0.33333   0.47451
   0.52157   0.35294   0.47451
   0.52157   0.37255   0.47451
   0.52549   0.39608   0.47059
   0.52549   0.41961   0.47059
   0.52941   0.44706   0.46667
   0.52941   0.47451   0.46667
   0.53333   0.50588   0.46275
   0.53333   0.53725   0.46275
   0.53725   0.57255   0.45882
   0.53725   0.60784   0.45882
   0.54118   0.64706   0.45490
   0.54118   0.68627   0.45490
   0.54510   0.72549   0.45098
   0.54510   0.76863   0.45098
   0.54902   0.80784   0.44706
   0.55294   0.84706   0.44314
   0.55294   0.88235   0.44314
   0.55686   0.91765   0.43922
   0.56078   0.94510   0.43529
   0.56471   0.96863   0.43137
   0.56471   0.98824   0.43137
   0.56863   0.99608   0.42745
   0.57255   0.99608   0.42353
   0.57647   0.98824   0.41961
   0.58039   0.96863   0.41569
   0.58431   0.94118   0.41176
   0.58824   0.90196   0.40784
   0.59216   0.85490   0.40392
   0.59608   0.79608   0.40000
   0.60000   0.72941   0.39608
   0.60392   0.66275   0.39216
   0.60784   0.58824   0.38824
   0.61176   0.51765   0.38431
   0.61569   0.44706   0.38039
   0.61961   0.38039   0.37647
   0.62353   0.32157   0.37255
   0.63137   0.27451   0.36471
   0.63529   0.23922   0.36078
   0.63922   0.21961   0.35686
   0.64314   0.21176   0.35294
   0.65098   0.22745   0.34510
   0.65490   0.25490   0.34118
   0.65882   0.30588   0.33725
   0.66667   0.37255   0.32941
   0.67059   0.45490   0.32549
   0.67843   0.54902   0.31765
   0.68235   0.65490   0.31373
   0.69020   0.75686   0.30588
   0.69412   0.85490   0.30196
   0.70196   0.93333   0.29412
   0.70980   0.98039   0.28627
   0.71373   1.00000   0.28235
   0.72157   0.97647   0.27451
   0.72941   0.91373   0.26667
   0.73725   0.81961   0.25882
   0.74510   0.70196   0.25098
   0.75294   0.57647   0.24314
   0.75686   0.45098   0.23922
   0.76471   0.34510   0.23137
   0.77255   0.26667   0.22353
   0.78039   0.21961   0.21569
   0.78824   0.21569   0.20784
   0.80000   0.25490   0.19608
   0.80784   0.33725   0.18824
   0.81569   0.45490   0.18039
   0.82353   0.60000   0.17255
   0.83137   0.75294   0.16471
   0.84314   0.88627   0.15294
   0.85098   0.97647   0.14510
   0.85882   0.99608   0.13725
   0.87059   0.94118   0.12549
   0.87843   0.81961   0.11765
   0.89020   0.65490   0.10588
   0.89804   0.47451   0.09804
   0.90980   0.31373   0.08627
   0.92157   0.18824   0.07451
   0.92941   0.10196   0.06667
   0.94118   0.04706   0.05490
   0.95294   0.01961   0.04314
   0.96471   0.00784   0.03137
