   0.41961   0.00000   0.85882
   0.47843   0.00000   0.83529
   0.54118   0.00000   0.81569
   0.61176   0.00000   0.78824
   0.51373   0.09412   0.81961
   0.33333   0.23529   0.88235
   0.15294   0.38039   0.94510
   0.00000   0.52157   1.00000
   0.00000   0.66275   1.00000
   0.00000   0.82745   1.00000
   0.00000   0.96863   1.00000
   0.11373   1.00000   0.88627
   0.25490   1.00000   0.74510
   0.40000   1.00000   0.60392
   0.52157   1.00000   0.51373
   0.60392   1.00000   0.55294
   0.67843   1.00000   0.58824
   0.74902   1.00000   0.62353
   0.75294   0.93333   0.65882
   0.74902   0.86275   0.69412
   0.74902   0.79216   0.72941
   0.79216   0.79216   0.71765
   0.86275   0.86275   0.65882
   0.93333   0.93333   0.60392
   1.00000   0.99608   0.53725
   1.00000   0.92549   0.38039
   1.00000   0.85490   0.22745
   1.00000   0.77255   0.04314
   1.00000   0.70196   0.00000
   1.00000   0.63137   0.00000
   1.00000   0.55686   0.00000
   1.00000   0.47059   0.00000
   1.00000   0.32941   0.00000
   1.00000   0.16078   0.00000
   1.00000   0.01961   0.00000
   0.96471   0.00000   0.14510
   0.92549   0.00000   0.30980
   0.89020   0.00000   0.47843
   0.82745   0.00000   0.52941
   0.70588   0.00000   0.33333
   0.60392   0.00000   0.16863
   0.50196   0.00000   0.00000
