   0.54588   0.40039   0.17608
   0.58667   0.44039   0.19882
   0.62745   0.48039   0.22157
   0.66824   0.52039   0.24431
   0.70902   0.56039   0.26706
   0.74980   0.60039   0.28980
   0.79059   0.64039   0.31255
   0.83137   0.68039   0.33529
   0.87216   0.72039   0.35804
   0.91294   0.76039   0.38078
   0.92196   0.78804   0.39902
   0.89922   0.80333   0.41274
   0.87647   0.81863   0.42647
   0.85373   0.83392   0.44020
   0.83098   0.84922   0.45392
   0.80823   0.86451   0.46765
   0.78549   0.87980   0.48137
   0.76275   0.89510   0.49510
   0.74000   0.91039   0.50882
   0.71725   0.92569   0.52255
   0.68039   0.93333   0.54902
   0.62941   0.93333   0.58824
   0.57843   0.93333   0.62745
   0.52745   0.93333   0.66667
   0.47647   0.93333   0.70588
   0.42549   0.93333   0.74510
   0.37451   0.93333   0.78431
   0.32353   0.93333   0.82353
   0.27255   0.93333   0.86274
   0.22157   0.93333   0.90196
   0.18863   0.91020   0.92216
   0.17372   0.86392   0.92333
   0.15882   0.81765   0.92451
   0.14392   0.77137   0.92569
   0.12902   0.72510   0.92686
   0.11412   0.67882   0.92804
   0.09922   0.63255   0.92922
   0.08431   0.58627   0.93039
   0.06941   0.54000   0.93157
   0.05451   0.49373   0.93274
   0.05216   0.44725   0.92255
   0.06235   0.40059   0.90098
   0.07255   0.35392   0.87941
   0.08275   0.30725   0.85784
   0.09294   0.26059   0.83627
   0.10314   0.21392   0.81471
   0.11333   0.16725   0.79314
   0.12353   0.12059   0.77157
   0.13373   0.07392   0.75000
   0.14392   0.02726   0.72843
   0.14314   0.01373   0.70392
   0.13137   0.03333   0.67647
   0.11961   0.05294   0.64902
   0.10784   0.07255   0.62157
   0.09608   0.09216   0.59412
   0.08431   0.11176   0.56667
   0.07255   0.13137   0.53922
   0.06078   0.15098   0.51177
   0.04902   0.17059   0.48431
   0.03726   0.19020   0.45686
