   0.03922   0.00000   0.47451
   0.15686   0.00000   0.58824
   0.07843   0.01961   0.68628
   0.00000   0.03922   0.78431
   0.00000   0.09804   0.83137
   0.00000   0.15686   0.87843
   0.10196   0.40000   0.94118
   0.05098   0.50588   0.97255
   0.09804   0.68628   1.00000
   0.19608   0.74510   1.00000
   0.26667   0.79216   1.00000
   0.38039   0.88235   0.94118
   0.41569   0.92157   0.88235
   0.48627   0.92157   0.78431
   0.54118   0.92549   0.68235
   0.67451   0.96078   0.65882
   0.80392   1.00000   0.63529
   0.87451   0.96078   0.55294
   0.94118   0.92549   0.47451
   0.96863   0.84314   0.40784
   1.00000   0.74118   0.34118
   1.00000   0.62745   0.27059
   0.95686   0.45882   0.29412
   0.93333   0.31372   0.30588
   1.00000   0.35294   0.35294
   1.00000   0.48627   0.48627
   1.00000   0.61961   0.61961
   0.96078   0.70196   0.68235
   1.00000   0.76863   0.76863
   1.00000   0.84314   0.84314
   1.00000   0.92157   0.92157
   1.00000   1.00000   1.00000
