   0.85000   0.46750   0.55446
   0.85000   0.46750   0.57538
   0.85000   0.46750   0.59629
   0.85000   0.46750   0.61721
   0.85000   0.46750   0.63813
   0.85000   0.46750   0.65905
   0.85000   0.46750   0.67997
   0.85000   0.46750   0.70088
   0.85000   0.46750   0.72180
   0.90000   0.54000   0.79834
   0.90000   0.54000   0.81810
   0.90000   0.54000   0.83787
   0.90000   0.54000   0.85764
   0.90000   0.54000   0.87740
   0.90000   0.54000   0.89717
   0.88306   0.54000   0.90000
   0.86330   0.54000   0.90000
   0.84353   0.54000   0.90000
   0.82463   0.54000   0.90000
   0.80888   0.54000   0.90000
   0.79312   0.54000   0.90000
   0.77737   0.54000   0.90000
   0.76162   0.54000   0.90000
   0.74588   0.54000   0.90000
   0.73013   0.54000   0.90000
   0.71438   0.54000   0.90000
   0.69863   0.54000   0.90000
   0.68282   0.54000   0.90000
   0.66628   0.54000   0.90000
   0.64974   0.54000   0.90000
   0.63321   0.54000   0.90000
   0.61667   0.54000   0.90000
   0.60013   0.54000   0.90000
   0.58359   0.54000   0.90000
   0.56706   0.54000   0.90000
   0.55052   0.54000   0.90000
   0.54000   0.54602   0.90000
   0.54305   0.56794   0.90508
   0.54633   0.59049   0.91055
   0.54961   0.61327   0.91602
   0.55289   0.63629   0.92148
   0.55617   0.65953   0.92695
   0.55945   0.68300   0.93242
   0.56273   0.70670   0.93789
   0.56602   0.73063   0.94336
   0.56930   0.75479   0.94883
   0.56592   0.77446   0.95000
   0.56072   0.79338   0.95000
   0.55553   0.81286   0.95000
   0.55033   0.83291   0.95000
   0.54514   0.85353   0.95000
   0.53994   0.87472   0.95000
   0.53475   0.89647   0.95000
   0.52955   0.91879   0.95000
   0.52435   0.94169   0.95000
   0.52250   0.95000   0.93497
   0.52250   0.95000   0.91159
   0.52250   0.95000   0.88821
   0.52250   0.95000   0.86483
   0.52250   0.95000   0.84145
   0.52250   0.95000   0.81808
   0.52250   0.95000   0.79470
   0.52250   0.95000   0.77132
   0.52250   0.95000   0.74794
   0.52250   0.95000   0.72409
   0.52250   0.95000   0.69978
   0.52250   0.95000   0.67546
   0.52250   0.95000   0.65115
   0.52250   0.95000   0.62684
   0.52250   0.95000   0.60252
   0.52250   0.95000   0.57821
   0.52250   0.95000   0.55389
   0.52250   0.95000   0.52958
   0.53907   0.95000   0.52250
   0.56151   0.95000   0.52250
   0.58395   0.95000   0.52250
   0.60640   0.95000   0.52250
   0.62884   0.95000   0.52250
   0.65128   0.95000   0.52250
   0.67373   0.95000   0.52250
   0.69617   0.95000   0.52250
   0.71862   0.95000   0.52250
   0.74126   0.95000   0.52250
   0.76464   0.95000   0.52250
   0.78802   0.95000   0.52250
   0.81140   0.95000   0.52250
   0.83477   0.95000   0.52250
   0.85815   0.95000   0.52250
   0.88153   0.95000   0.52250
   0.90491   0.95000   0.52250
   0.92829   0.95000   0.52250
   0.95000   0.94833   0.52250
   0.95000   0.92495   0.52250
   0.95000   0.90157   0.52250
   0.95000   0.87819   0.52250
   0.95000   0.85481   0.52250
   0.95000   0.83144   0.52250
   0.95000   0.80806   0.52250
   0.95000   0.78468   0.52250
   0.95000   0.76130   0.52250
   0.95000   0.73792   0.52250
   0.94492   0.72831   0.52451
   0.93945   0.71997   0.52661
   0.93398   0.71184   0.52865
   0.92852   0.70393   0.53063
   0.92305   0.69623   0.53255
   0.91758   0.68873   0.53442
   0.91211   0.68144   0.53622
   0.90664   0.67435   0.53796
   0.90117   0.66745   0.53965
   0.89570   0.66075   0.54127
   0.89023   0.65425   0.54283
   0.88477   0.64793   0.54434
   0.87930   0.64180   0.54578
   0.87383   0.63585   0.54717
   0.86836   0.63008   0.54849
   0.86289   0.62449   0.54976
   0.85742   0.61908   0.55096
   0.85195   0.61383   0.55211
   0.84667   0.63500   0.63500
   0.84118   0.63089   0.63089
   0.83569   0.62677   0.62677
   0.83020   0.62265   0.62265
   0.82471   0.61853   0.61853
   0.81922   0.61441   0.61441
   0.81373   0.61029   0.61029
   0.80824   0.60618   0.60618
   0.80274   0.60206   0.60206
   0.45052   0.49782   0.70000
   0.44085   0.54009   0.70000
   0.43119   0.58610   0.70000
   0.42152   0.63584   0.70000
   0.41193   0.68886   0.70000
   0.40236   0.70000   0.65454
   0.39279   0.70000   0.59428
   0.38779   0.70508   0.53806
   0.40283   0.73242   0.51206
   0.41787   0.75977   0.48256
   0.43291   0.78711   0.44957
   0.45969   0.80000   0.44000
   0.48331   0.80000   0.44000
   0.50694   0.80000   0.44000
   0.53056   0.80000   0.44000
   0.55419   0.80000   0.44000
   0.57781   0.80000   0.44000
   0.60144   0.80000   0.44000
   0.62697   0.80234   0.44317
   0.65928   0.81328   0.45811
   0.69125   0.82422   0.47328
   0.72283   0.83516   0.48870
   0.75398   0.84609   0.50435
   0.78468   0.85703   0.52025
   0.81486   0.86797   0.53638
   0.84451   0.87891   0.55275
   0.87357   0.88984   0.56936
   0.90020   0.89989   0.58557
   0.90293   0.89840   0.59352
   0.90566   0.89705   0.60151
   0.90840   0.89585   0.60953
   0.91113   0.89479   0.61760
   0.91387   0.89389   0.62570
   0.91660   0.89313   0.63383
   0.91934   0.89252   0.64201
   0.92207   0.89207   0.65022
   0.92480   0.89177   0.65847
   0.92754   0.89163   0.66676
   0.93027   0.89165   0.67508
   0.93301   0.89182   0.68345
   0.93574   0.89215   0.69185
   0.93848   0.89265   0.70028
   0.94121   0.89331   0.70876
   0.94394   0.89414   0.71727
   0.94668   0.89513   0.72582
   0.94941   0.89629   0.73440
   0.95215   0.89762   0.74303
   0.95488   0.89912   0.75169
   0.95762   0.90080   0.76039
   0.96035   0.90265   0.76912
   0.96309   0.90467   0.77790
   0.96582   0.90688   0.78671
   0.96855   0.90926   0.79556
   0.97129   0.91182   0.80444
   0.97402   0.91456   0.81337
   0.97676   0.91749   0.82233
   0.97949   0.92060   0.83132
   0.98223   0.92390   0.84036
   0.98496   0.92739   0.84943
   0.98769   0.93107   0.85854
   0.99043   0.93493   0.86769
   0.99316   0.93899   0.87687
   0.99590   0.94325   0.88610
   0.99863   0.94770   0.89536
   1.00000   0.97500   0.95036
   1.00000   0.97501   0.95114
   1.00000   0.97504   0.95193
   1.00000   0.97507   0.95271
   1.00000   0.97512   0.95349
   1.00000   0.97518   0.95427
   1.00000   0.97526   0.95505
   1.00000   0.97534   0.95583
   1.00000   0.97544   0.95662
   1.00000   0.97555   0.95740
   1.00000   0.97567   0.95818
   1.00000   0.97580   0.95896
   1.00000   0.97595   0.95974
   1.00000   0.97611   0.96052
   1.00000   0.97628   0.96131
   1.00000   0.97646   0.96209
   1.00000   0.97666   0.96287
   1.00000   0.97686   0.96365
   1.00000   0.97708   0.96443
   1.00000   0.97732   0.96521
   1.00000   0.97756   0.96600
   1.00000   0.97781   0.96678
   1.00000   0.97808   0.96756
   1.00000   0.97836   0.96834
   1.00000   0.97866   0.96912
   1.00000   0.97896   0.96991
   1.00000   0.97928   0.97069
   1.00000   0.97961   0.97147
   1.00000   0.97995   0.97225
   1.00000   0.98030   0.97303
   1.00000   0.98067   0.97381
   1.00000   0.98105   0.97460
   1.00000   0.98144   0.97538
   1.00000   0.98184   0.97616
   1.00000   0.98226   0.97694
   1.00000   0.98269   0.97772
   1.00000   0.98312   0.97850
   1.00000   0.98358   0.97929
   1.00000   0.98404   0.98007
   1.00000   0.98452   0.98085
   1.00000   0.98501   0.98163
   1.00000   0.98550   0.98241
   1.00000   0.98602   0.98319
   1.00000   0.98654   0.98397
   1.00000   0.98708   0.98476
   1.00000   0.98763   0.98554
   1.00000   0.98819   0.98632
   1.00000   0.98877   0.98710
   1.00000   0.98935   0.98788
   1.00000   0.98995   0.98866
   1.00000   0.99056   0.98945
   1.00000   0.99118   0.99023
   1.00000   0.99182   0.99101
   1.00000   0.99247   0.99179
   1.00000   0.99313   0.99257
   1.00000   0.99380   0.99336
   1.00000   0.99448   0.99414
   1.00000   0.99518   0.99492
   1.00000   0.99589   0.99570
   1.00000   0.99661   0.99648
   1.00000   0.99734   0.99726
   1.00000   0.99808   0.99805
