   0.00000   0.00061   0.00306
   0.00000   0.00184   0.00919
   0.00000   0.00306   0.01532
   0.00000   0.00429   0.02145
   0.00000   0.00551   0.02757
   0.00000   0.00674   0.03370
   0.00000   0.00797   0.03983
   0.00000   0.00919   0.04596
   0.00000   0.01042   0.05208
   0.00000   0.01164   0.05821
   0.00000   0.01287   0.06434
   0.00000   0.01409   0.07047
   0.00000   0.01532   0.07659
   0.00000   0.01654   0.08272
   0.00000   0.01777   0.08885
   0.00000   0.01900   0.09498
   0.00000   0.02022   0.10110
   0.00000   0.02145   0.10723
   0.00000   0.02267   0.11336
   0.00000   0.02390   0.11948
   0.00000   0.02512   0.12561
   0.00000   0.02635   0.13174
   0.00000   0.02757   0.13787
   0.00000   0.02880   0.14400
   0.00000   0.03002   0.15012
   0.00000   0.03125   0.15625
   0.00000   0.03247   0.16238
   0.00000   0.03370   0.16850
   0.00000   0.03493   0.17463
   0.00000   0.03615   0.18076
   0.00000   0.03738   0.18689
   0.00000   0.03860   0.19301
   0.00000   0.04779   0.20527
   0.00000   0.06495   0.22365
   0.00000   0.08211   0.24203
   0.00000   0.09927   0.26042
   0.00000   0.11642   0.27880
   0.00000   0.13358   0.29718
   0.00000   0.15074   0.31556
   0.00000   0.16789   0.33395
   0.00000   0.18505   0.35233
   0.00000   0.20221   0.37071
   0.00000   0.21936   0.38909
   0.00000   0.23652   0.40747
   0.00000   0.25368   0.42586
   0.00000   0.27083   0.44424
   0.00000   0.28799   0.46262
   0.00000   0.30515   0.48101
   0.00000   0.32230   0.49939
   0.00000   0.33946   0.51777
   0.00000   0.35662   0.53615
   0.00000   0.37378   0.55453
   0.00000   0.39093   0.57292
   0.00000   0.40809   0.59130
   0.00000   0.42524   0.60968
   0.00000   0.44240   0.62806
   0.00000   0.45956   0.64645
   0.00000   0.47672   0.66483
   0.00000   0.49387   0.68321
   0.00000   0.51103   0.70159
   0.00000   0.52819   0.71997
   0.00000   0.54534   0.73836
   0.00000   0.56250   0.75674
   0.00000   0.57966   0.77512
   0.01054   0.59399   0.78235
   0.03162   0.60552   0.77843
   0.05270   0.61703   0.77451
   0.07378   0.62855   0.77059
   0.09485   0.64007   0.76667
   0.11593   0.65159   0.76275
   0.13701   0.66311   0.75882
   0.15809   0.67463   0.75490
   0.17917   0.68615   0.75098
   0.20024   0.69767   0.74706
   0.22132   0.70919   0.74314
   0.24240   0.72071   0.73922
   0.26348   0.73223   0.73529
   0.28456   0.74375   0.73137
   0.30564   0.75527   0.72745
   0.32672   0.76679   0.72353
   0.34779   0.77843   0.71961
   0.36887   0.79020   0.71569
   0.38995   0.80196   0.71176
   0.41103   0.81372   0.70784
   0.43211   0.82549   0.70392
   0.45319   0.83726   0.70000
   0.47427   0.84902   0.69608
   0.49534   0.86078   0.69216
   0.51642   0.87255   0.68823
   0.53750   0.88431   0.68431
   0.55858   0.89608   0.68039
   0.57966   0.90784   0.67647
   0.60074   0.91961   0.67255
   0.62181   0.93137   0.66863
   0.64289   0.94314   0.66471
   0.66397   0.95490   0.66078
   0.67929   0.96140   0.66409
   0.68885   0.96262   0.67463
   0.69841   0.96385   0.68517
   0.70797   0.96507   0.69571
   0.71753   0.96630   0.70625
   0.72708   0.96753   0.71679
   0.73664   0.96875   0.72733
   0.74620   0.96997   0.73787
   0.75576   0.97120   0.74841
   0.76532   0.97243   0.75895
   0.77488   0.97365   0.76948
   0.78444   0.97488   0.78003
   0.79400   0.97610   0.79056
   0.80355   0.97733   0.80110
   0.81311   0.97855   0.81164
   0.82267   0.97978   0.82218
   0.83223   0.98101   0.83284
   0.84179   0.98223   0.84363
   0.85135   0.98346   0.85441
   0.86091   0.98468   0.86520
   0.87047   0.98591   0.87598
   0.88003   0.98713   0.88677
   0.88958   0.98836   0.89755
   0.89914   0.98958   0.90833
   0.90870   0.99081   0.91912
   0.91826   0.99203   0.92990
   0.92782   0.99326   0.94069
   0.93738   0.99449   0.95147
   0.94694   0.99571   0.96226
   0.95649   0.99694   0.97304
   0.96605   0.99816   0.98382
   0.97561   0.99939   0.99461
   0.28491   0.46643   0.19608
   0.30966   0.45653   0.19608
   0.33442   0.44662   0.19608
   0.35918   0.43672   0.19608
   0.38394   0.42682   0.19608
   0.40870   0.41691   0.19608
   0.43345   0.40701   0.19608
   0.45821   0.39711   0.19608
   0.47696   0.39853   0.19853
   0.48971   0.41127   0.20343
   0.50245   0.42402   0.20833
   0.51520   0.43676   0.21324
   0.52794   0.44951   0.21814
   0.54069   0.46226   0.22304
   0.55343   0.47500   0.22794
   0.56618   0.48774   0.23284
   0.57892   0.50049   0.23775
   0.59167   0.51323   0.24265
   0.60441   0.52598   0.24755
   0.61716   0.53873   0.25245
   0.62990   0.55147   0.25735
   0.64265   0.56422   0.26226
   0.65539   0.57696   0.26716
   0.66814   0.58971   0.27206
   0.68088   0.60245   0.27696
   0.69363   0.61520   0.28186
   0.70637   0.62794   0.28677
   0.71912   0.64069   0.29167
   0.73186   0.65343   0.29657
   0.74461   0.66618   0.30147
   0.75735   0.67892   0.30637
   0.77010   0.69167   0.31128
   0.78284   0.70441   0.31618
   0.79559   0.71716   0.32108
   0.80833   0.72990   0.32598
   0.82108   0.74265   0.33088
   0.83382   0.75539   0.33578
   0.84657   0.76814   0.34069
   0.85931   0.78088   0.34559
   0.87206   0.79363   0.35049
   0.88480   0.80637   0.35539
   0.89755   0.81912   0.36029
   0.91029   0.83186   0.36520
   0.92304   0.84461   0.37010
   0.93578   0.85735   0.37500
   0.94853   0.87010   0.37990
   0.96127   0.88284   0.38480
   0.97402   0.89559   0.38971
   0.98039   0.90245   0.39534
   0.98039   0.90343   0.40172
   0.98039   0.90441   0.40809
   0.98039   0.90539   0.41446
   0.98039   0.90637   0.42083
   0.98039   0.90735   0.42721
   0.98039   0.90833   0.43358
   0.98039   0.90931   0.43995
   0.98039   0.91029   0.44632
   0.98039   0.91128   0.45270
   0.98039   0.91225   0.45907
   0.98039   0.91324   0.46544
   0.98039   0.91422   0.47181
   0.98039   0.91520   0.47819
   0.98039   0.91618   0.48456
   0.98039   0.91716   0.49093
   0.98064   0.91814   0.49730
   0.98113   0.91912   0.50368
   0.98162   0.92010   0.51005
   0.98211   0.92108   0.51642
   0.98260   0.92206   0.52279
   0.98309   0.92304   0.52917
   0.98358   0.92402   0.53554
   0.98407   0.92500   0.54191
   0.98456   0.92598   0.54828
   0.98505   0.92696   0.55466
   0.98554   0.92794   0.56103
   0.98603   0.92892   0.56740
   0.98652   0.92990   0.57377
   0.98701   0.93088   0.58015
   0.98750   0.93186   0.58652
   0.98799   0.93284   0.59289
   0.98823   0.93395   0.59914
   0.98823   0.93517   0.60527
   0.98823   0.93640   0.61140
   0.98823   0.93762   0.61752
   0.98823   0.93885   0.62365
   0.98823   0.94007   0.62978
   0.98823   0.94130   0.63591
   0.98823   0.94253   0.64203
   0.98823   0.94375   0.64816
   0.98823   0.94498   0.65429
   0.98823   0.94620   0.66042
   0.98823   0.94743   0.66654
   0.98823   0.94865   0.67267
   0.98823   0.94988   0.67880
   0.98823   0.95110   0.68493
   0.98823   0.95233   0.69105
   0.98836   0.95368   0.69890
   0.98860   0.95515   0.70846
   0.98885   0.95662   0.71802
   0.98909   0.95809   0.72757
   0.98934   0.95956   0.73713
   0.98958   0.96103   0.74669
   0.98983   0.96250   0.75625
   0.99007   0.96397   0.76581
   0.99032   0.96544   0.77537
   0.99056   0.96691   0.78493
   0.99081   0.96838   0.79448
   0.99105   0.96985   0.80404
   0.99130   0.97132   0.81360
   0.99154   0.97279   0.82316
   0.99179   0.97426   0.83272
   0.99203   0.97574   0.84228
   0.99240   0.97721   0.85184
   0.99289   0.97868   0.86140
   0.99338   0.98015   0.87096
   0.99387   0.98162   0.88051
   0.99436   0.98309   0.89007
   0.99485   0.98456   0.89963
   0.99534   0.98603   0.90919
   0.99583   0.98750   0.91875
   0.99632   0.98897   0.92831
   0.99681   0.99044   0.93787
   0.99730   0.99191   0.94743
   0.99779   0.99338   0.95698
   0.99828   0.99485   0.96654
   0.99878   0.99632   0.97610
