   0.47686   0.47686   0.97510
   0.42667   0.42667   0.92529
   0.37647   0.37647   0.87549
   0.32627   0.32627   0.82569
   0.27608   0.27608   0.77588
   0.22588   0.22588   0.72608
   0.17569   0.17569   0.67628
   0.12549   0.12549   0.62647
   0.07529   0.07529   0.57667
   0.02510   0.02510   0.52686
   0.00000   0.00000   0.47686
   0.00000   0.00000   0.42667
   0.00000   0.00000   0.37647
   0.00000   0.00000   0.32627
   0.00000   0.00000   0.27608
   0.00000   0.00000   0.22588
   0.00000   0.00000   0.17569
   0.00000   0.00000   0.12549
   0.00000   0.00000   0.07529
   0.00000   0.00000   0.02510
   0.02510   0.00000   0.00000
   0.07529   0.00000   0.00000
   0.12549   0.00000   0.00000
   0.17569   0.00000   0.00000
   0.22588   0.00000   0.00000
   0.27608   0.00000   0.00000
   0.32627   0.00000   0.00000
   0.37647   0.00000   0.00000
   0.42667   0.00000   0.00000
   0.47686   0.00000   0.00000
   0.52686   0.02510   0.02510
   0.57667   0.07529   0.07529
   0.62647   0.12549   0.12549
   0.67628   0.17569   0.17569
   0.72608   0.22588   0.22588
   0.77588   0.27608   0.27608
   0.82569   0.32627   0.32627
   0.87549   0.37647   0.37647
   0.92529   0.42667   0.42667
   0.97510   0.47686   0.47686
