   0.25098   0.00000   0.25098
   0.25098   0.00000   0.75294
   0.00000   0.25098   1.00000
   0.00000   0.50196   1.00000
   0.00000   0.62745   1.00000
   0.25098   0.75294   1.00000
   0.25098   0.87843   1.00000
   0.25098   1.00000   1.00000
   0.25098   1.00000   0.75294
   0.25098   1.00000   0.25098
   0.50196   1.00000   0.25098
   0.75294   1.00000   0.25098
   1.00000   1.00000   0.25098
   1.00000   0.87843   0.25098
   1.00000   0.62745   0.25098
   1.00000   0.37647   0.25098
   1.00000   0.12549   0.25098
   1.00000   0.37647   0.75294
   1.00000   0.62745   1.00000
   1.00000   0.87843   1.00000
