   0.01333   0.00000   0.00000
   0.04000   0.00000   0.00000
   0.06667   0.00000   0.00000
   0.09333   0.00000   0.00000
   0.12000   0.00000   0.00000
   0.14667   0.00000   0.00000
   0.17333   0.00000   0.00000
   0.20000   0.00000   0.00000
   0.22667   0.00000   0.00000
   0.25333   0.00000   0.00000
   0.28000   0.00000   0.00000
   0.30667   0.00000   0.00000
   0.33333   0.00000   0.00000
   0.36000   0.00000   0.00000
   0.38667   0.00000   0.00000
   0.41333   0.00000   0.00000
   0.44000   0.00000   0.00000
   0.46667   0.00000   0.00000
   0.49333   0.00000   0.00000
   0.52000   0.00000   0.00000
   0.54667   0.00000   0.00000
   0.57333   0.00000   0.00000
   0.60000   0.00000   0.00000
   0.62667   0.00000   0.00000
   0.65333   0.00000   0.00000
   0.68000   0.00000   0.00000
   0.70667   0.00000   0.00000
   0.73333   0.00000   0.00000
   0.76000   0.00000   0.00000
   0.78667   0.00000   0.00000
   0.81333   0.00000   0.00000
   0.84000   0.00000   0.00000
   0.86667   0.00000   0.00000
   0.89333   0.00000   0.00000
   0.92000   0.00000   0.00000
   0.94667   0.00000   0.00000
   0.97333   0.00000   0.00000
   1.00000   0.00000   0.00000
   1.00000   0.02667   0.00000
   1.00000   0.05333   0.00000
   1.00000   0.08000   0.00000
   1.00000   0.10667   0.00000
   1.00000   0.13333   0.00000
   1.00000   0.16000   0.00000
   1.00000   0.18667   0.00000
   1.00000   0.21333   0.00000
   1.00000   0.24000   0.00000
   1.00000   0.26667   0.00000
   1.00000   0.29333   0.00000
   1.00000   0.32000   0.00000
   1.00000   0.34667   0.00000
   1.00000   0.37333   0.00000
   1.00000   0.40000   0.00000
   1.00000   0.42667   0.00000
   1.00000   0.45333   0.00000
   1.00000   0.48000   0.00000
   1.00000   0.50667   0.00000
   1.00000   0.53333   0.00000
   1.00000   0.56000   0.00000
   1.00000   0.58667   0.00000
   1.00000   0.61333   0.00000
   1.00000   0.64000   0.00000
   1.00000   0.66667   0.00000
   1.00000   0.69333   0.00000
   1.00000   0.72000   0.00000
   1.00000   0.74667   0.00000
   1.00000   0.77333   0.00000
   1.00000   0.80000   0.00000
   1.00000   0.82667   0.00000
   1.00000   0.85333   0.00000
   1.00000   0.88000   0.00000
   1.00000   0.90667   0.00000
   1.00000   0.93333   0.00000
   1.00000   0.96000   0.00000
   1.00000   0.98667   0.00000
   1.00000   1.00000   0.02000
   1.00000   1.00000   0.06000
   1.00000   1.00000   0.10000
   1.00000   1.00000   0.14000
   1.00000   1.00000   0.18000
   1.00000   1.00000   0.22000
   1.00000   1.00000   0.26000
   1.00000   1.00000   0.30000
   1.00000   1.00000   0.34000
   1.00000   1.00000   0.38000
   1.00000   1.00000   0.42000
   1.00000   1.00000   0.46000
   1.00000   1.00000   0.50000
   1.00000   1.00000   0.54000
   1.00000   1.00000   0.58000
   1.00000   1.00000   0.62000
   1.00000   1.00000   0.66000
   1.00000   1.00000   0.70000
   1.00000   1.00000   0.74000
   1.00000   1.00000   0.78000
   1.00000   1.00000   0.82000
   1.00000   1.00000   0.86000
   1.00000   1.00000   0.90000
   1.00000   1.00000   0.94000
   1.00000   1.00000   0.98000
