   0.00000   0.94118   1.00000
   0.00000   0.94118   1.00000
   0.00000   0.94118   1.00000
   0.00000   0.94118   1.00000
   0.00000   0.94118   1.00000
   0.00000   0.94118   1.00000
   0.00000   0.94118   1.00000
   0.00000   0.94118   1.00000
   0.00000   0.94118   1.00000
   0.00000   0.94118   1.00000
   0.13725   1.00000   1.00000
   0.13725   1.00000   1.00000
   0.13725   1.00000   1.00000
   0.13725   1.00000   1.00000
   0.13725   1.00000   1.00000
   0.13725   1.00000   1.00000
   0.13725   1.00000   1.00000
   0.13725   1.00000   1.00000
   0.13725   1.00000   1.00000
   0.13725   1.00000   1.00000
   0.35294   1.00000   1.00000
   0.35294   1.00000   1.00000
   0.35294   1.00000   1.00000
   0.35294   1.00000   1.00000
   0.35294   1.00000   1.00000
   0.35294   1.00000   1.00000
   0.35294   1.00000   1.00000
   0.35294   1.00000   1.00000
   0.35294   1.00000   1.00000
   0.35294   1.00000   1.00000
   0.54902   1.00000   0.90196
   0.54902   1.00000   0.90196
   0.54902   1.00000   0.90196
   0.54902   1.00000   0.90196
   0.54902   1.00000   0.90196
   0.54902   1.00000   0.90196
   0.54902   1.00000   0.90196
   0.54902   1.00000   0.90196
   0.54902   1.00000   0.90196
   0.54902   1.00000   0.90196
   0.64706   1.00000   0.84314
   0.64706   1.00000   0.84314
   0.64706   1.00000   0.84314
   0.64706   1.00000   0.84314
   0.64706   1.00000   0.84314
   0.64706   1.00000   0.84314
   0.64706   1.00000   0.84314
   0.64706   1.00000   0.84314
   0.64706   1.00000   0.84314
   0.64706   1.00000   0.84314
   0.76471   1.00000   0.84314
   0.76471   1.00000   0.84314
   0.76471   1.00000   0.84314
   0.76471   1.00000   0.84314
   0.76471   1.00000   0.84314
   0.76471   1.00000   0.84314
   0.76471   1.00000   0.84314
   0.76471   1.00000   0.84314
   0.76471   1.00000   0.84314
   0.76471   1.00000   0.84314
   0.82353   1.00000   0.84314
   0.82353   1.00000   0.84314
   0.82353   1.00000   0.84314
   0.82353   1.00000   0.84314
   0.82353   1.00000   0.84314
   0.90196   1.00000   0.94118
   0.90196   1.00000   0.94118
   0.90196   1.00000   0.94118
   0.92157   1.00000   1.00000
   0.92157   1.00000   1.00000
