   0.25098   0.00000   0.27608
   0.25098   0.00000   0.32627
   0.25098   0.00000   0.37647
   0.25098   0.00000   0.42667
   0.25098   0.00000   0.47686
   0.25098   0.00000   0.52706
   0.25098   0.00000   0.57726
   0.25098   0.00000   0.62745
   0.25098   0.00000   0.67765
   0.25098   0.00000   0.72784
   0.23843   0.01255   0.76529
   0.21333   0.03765   0.79000
   0.18823   0.06274   0.81471
   0.16314   0.08784   0.83941
   0.13804   0.11294   0.86412
   0.11294   0.13804   0.88882
   0.08784   0.16314   0.91353
   0.06274   0.18823   0.93823
   0.03765   0.21333   0.96294
   0.01255   0.23843   0.98765
   0.00000   0.26353   1.00000
   0.00000   0.28863   1.00000
   0.00000   0.31372   1.00000
   0.00000   0.33882   1.00000
   0.00000   0.36392   1.00000
   0.00000   0.38902   1.00000
   0.00000   0.41412   1.00000
   0.00000   0.43922   1.00000
   0.00000   0.46431   1.00000
   0.00000   0.48941   1.00000
   0.00000   0.50823   1.00000
   0.00000   0.52078   1.00000
   0.00000   0.53333   1.00000
   0.00000   0.54588   1.00000
   0.00000   0.55843   1.00000
   0.00000   0.57098   1.00000
   0.00000   0.58353   1.00000
   0.00000   0.59608   1.00000
   0.00000   0.60863   1.00000
   0.00000   0.62118   1.00000
   0.01255   0.63372   1.00000
   0.03765   0.64627   1.00000
   0.06274   0.65882   1.00000
   0.08784   0.67137   1.00000
   0.11294   0.68392   1.00000
   0.13804   0.69647   1.00000
   0.16314   0.70902   1.00000
   0.18823   0.72157   1.00000
   0.21333   0.73412   1.00000
   0.23843   0.74667   1.00000
   0.25098   0.75922   1.00000
   0.25098   0.77176   1.00000
   0.25098   0.78431   1.00000
   0.25098   0.79686   1.00000
   0.25098   0.80941   1.00000
   0.25098   0.82196   1.00000
   0.25098   0.83451   1.00000
   0.25098   0.84706   1.00000
   0.25098   0.85961   1.00000
   0.25098   0.87216   1.00000
   0.25098   0.88451   1.00000
   0.25098   0.89667   1.00000
   0.25098   0.90882   1.00000
   0.25098   0.92098   1.00000
   0.25098   0.93314   1.00000
   0.25098   0.94529   1.00000
   0.25098   0.95745   1.00000
   0.25098   0.96961   1.00000
   0.25098   0.98176   1.00000
   0.25098   0.99392   1.00000
   0.25098   1.00000   0.98765
   0.25098   1.00000   0.96294
   0.25098   1.00000   0.93823
   0.25098   1.00000   0.91353
   0.25098   1.00000   0.88882
   0.25098   1.00000   0.86412
   0.25098   1.00000   0.83941
   0.25098   1.00000   0.81471
   0.25098   1.00000   0.79000
   0.25098   1.00000   0.76529
   0.25098   1.00000   0.72784
   0.25098   1.00000   0.67765
   0.25098   1.00000   0.62745
   0.25098   1.00000   0.57726
   0.25098   1.00000   0.52706
   0.25098   1.00000   0.47686
   0.25098   1.00000   0.42667
   0.25098   1.00000   0.37647
   0.25098   1.00000   0.32627
   0.25098   1.00000   0.27608
   0.26353   1.00000   0.25098
   0.28863   1.00000   0.25098
   0.31372   1.00000   0.25098
   0.33882   1.00000   0.25098
   0.36392   1.00000   0.25098
   0.38902   1.00000   0.25098
   0.41412   1.00000   0.25098
   0.43922   1.00000   0.25098
   0.46431   1.00000   0.25098
   0.48941   1.00000   0.25098
   0.51451   1.00000   0.25098
   0.53961   1.00000   0.25098
   0.56471   1.00000   0.25098
   0.58980   1.00000   0.25098
   0.61490   1.00000   0.25098
   0.64000   1.00000   0.25098
   0.66510   1.00000   0.25098
   0.69020   1.00000   0.25098
   0.71529   1.00000   0.25098
   0.74039   1.00000   0.25098
   0.76529   1.00000   0.25098
   0.79000   1.00000   0.25098
   0.81471   1.00000   0.25098
   0.83941   1.00000   0.25098
   0.86412   1.00000   0.25098
   0.88882   1.00000   0.25098
   0.91353   1.00000   0.25098
   0.93823   1.00000   0.25098
   0.96294   1.00000   0.25098
   0.98765   1.00000   0.25098
   1.00000   0.99392   0.25098
   1.00000   0.98176   0.25098
   1.00000   0.96961   0.25098
   1.00000   0.95745   0.25098
   1.00000   0.94529   0.25098
   1.00000   0.93314   0.25098
   1.00000   0.92098   0.25098
   1.00000   0.90882   0.25098
   1.00000   0.89667   0.25098
   1.00000   0.88451   0.25098
   1.00000   0.86588   0.25098
   1.00000   0.84078   0.25098
   1.00000   0.81569   0.25098
   1.00000   0.79059   0.25098
   1.00000   0.76549   0.25098
   1.00000   0.74039   0.25098
   1.00000   0.71529   0.25098
   1.00000   0.69020   0.25098
   1.00000   0.66510   0.25098
   1.00000   0.64000   0.25098
   1.00000   0.61490   0.25098
   1.00000   0.58980   0.25098
   1.00000   0.56471   0.25098
   1.00000   0.53961   0.25098
   1.00000   0.51451   0.25098
   1.00000   0.48941   0.25098
   1.00000   0.46431   0.25098
   1.00000   0.43922   0.25098
   1.00000   0.41412   0.25098
   1.00000   0.38902   0.25098
   1.00000   0.36392   0.25098
   1.00000   0.33882   0.25098
   1.00000   0.31372   0.25098
   1.00000   0.28863   0.25098
   1.00000   0.26353   0.25098
   1.00000   0.23843   0.25098
   1.00000   0.21333   0.25098
   1.00000   0.18823   0.25098
   1.00000   0.16314   0.25098
   1.00000   0.13804   0.25098
   1.00000   0.13804   0.27608
   1.00000   0.16314   0.32627
   1.00000   0.18823   0.37647
   1.00000   0.21333   0.42667
   1.00000   0.23843   0.47686
   1.00000   0.26353   0.52706
   1.00000   0.28863   0.57726
   1.00000   0.31372   0.62745
   1.00000   0.33882   0.67765
   1.00000   0.36392   0.72784
   1.00000   0.38902   0.76529
   1.00000   0.41412   0.79000
   1.00000   0.43922   0.81471
   1.00000   0.46431   0.83941
   1.00000   0.48941   0.86412
   1.00000   0.51451   0.88882
   1.00000   0.53961   0.91353
   1.00000   0.56471   0.93823
   1.00000   0.58980   0.96294
   1.00000   0.61490   0.98765
   1.00000   0.64000   0.99412
   1.00000   0.66510   0.98235
   1.00000   0.69020   0.97059
   1.00000   0.71529   0.95882
   1.00000   0.74039   0.94706
   1.00000   0.76549   0.93529
   1.00000   0.79059   0.92353
   1.00000   0.81569   0.91176
   1.00000   0.84078   0.90000
   1.00000   0.86588   0.88823
   1.00000   0.88334   1.00000
   1.00000   0.89562   1.00000
   1.00000   0.90790   1.00000
   1.00000   0.92018   1.00000
   1.00000   0.93246   1.00000
   1.00000   0.94474   1.00000
   1.00000   0.95702   1.00000
   1.00000   0.96930   1.00000
   1.00000   0.98158   1.00000
   1.00000   0.99386   1.00000
