   0.60000   0.00000   1.00000
   0.60000   0.00000   1.00000
   0.60000   0.00000   1.00000
   0.60000   0.00000   1.00000
   0.60000   0.00000   1.00000
   0.60000   0.00000   1.00000
   0.60000   0.00000   1.00000
   0.60000   0.00000   1.00000
   0.60000   0.00000   1.00000
   0.60000   0.00000   1.00000
   0.60000   0.00000   1.00000
   0.60000   0.00000   1.00000
   0.60000   0.00000   1.00000
   0.60000   0.00000   1.00000
   0.60000   0.00000   1.00000
   0.60000   0.00000   1.00000
   0.60000   0.00000   1.00000
   0.60000   0.00000   1.00000
   0.60000   0.00000   1.00000
   0.53333   0.06667   1.00000
   0.53333   0.06667   1.00000
   0.53333   0.06667   1.00000
   0.53333   0.06667   1.00000
   0.53333   0.06667   1.00000
   0.53333   0.06667   1.00000
   0.53333   0.06667   1.00000
   0.46667   0.13333   1.00000
   0.46667   0.13333   1.00000
   0.46667   0.13333   1.00000
   0.46667   0.13333   1.00000
   0.46667   0.13333   1.00000
   0.46667   0.13333   1.00000
   0.40000   0.20000   1.00000
   0.40000   0.20000   1.00000
   0.40000   0.20000   1.00000
   0.40000   0.20000   1.00000
   0.40000   0.20000   1.00000
   0.40000   0.20000   1.00000
   0.33333   0.26667   1.00000
   0.33333   0.26667   1.00000
   0.33333   0.26667   1.00000
   0.33333   0.26667   1.00000
   0.33333   0.26667   1.00000
   0.33333   0.26667   1.00000
   0.33333   0.26667   1.00000
   0.26667   0.33333   1.00000
   0.26667   0.33333   1.00000
   0.26667   0.33333   1.00000
   0.26667   0.33333   1.00000
   0.26667   0.33333   1.00000
   0.26667   0.33333   1.00000
   0.20000   0.40000   1.00000
   0.20000   0.40000   1.00000
   0.20000   0.40000   1.00000
   0.20000   0.40000   1.00000
   0.20000   0.40000   1.00000
   0.20000   0.40000   1.00000
   0.20000   0.40000   1.00000
   0.13333   0.46667   1.00000
   0.13333   0.46667   1.00000
   0.13333   0.46667   1.00000
   0.13333   0.46667   1.00000
   0.13333   0.46667   1.00000
   0.13333   0.46667   1.00000
   0.06667   0.53333   1.00000
   0.06667   0.53333   1.00000
   0.06667   0.53333   1.00000
   0.06667   0.53333   1.00000
   0.06667   0.53333   1.00000
   0.06667   0.53333   1.00000
   0.00000   0.60000   1.00000
   0.00000   0.60000   1.00000
   0.00000   0.60000   1.00000
   0.00000   0.60000   1.00000
   0.00000   0.60000   1.00000
   0.00000   0.60000   1.00000
   0.00000   0.60000   1.00000
   0.10588   0.64314   1.00000
   0.10588   0.64314   1.00000
   0.10588   0.64314   1.00000
   0.10588   0.64314   1.00000
   0.10588   0.64314   1.00000
   0.10588   0.64314   1.00000
   0.21177   0.68628   1.00000
   0.21177   0.68628   1.00000
   0.21177   0.68628   1.00000
   0.21177   0.68628   1.00000
   0.21177   0.68628   1.00000
   0.21177   0.68628   1.00000
   0.21177   0.68628   1.00000
   0.31765   0.72941   1.00000
   0.31765   0.72941   1.00000
   0.31765   0.72941   1.00000
   0.31765   0.72941   1.00000
   0.31765   0.72941   1.00000
   0.31765   0.72941   1.00000
   0.42353   0.77255   1.00000
   0.42353   0.77255   1.00000
   0.42353   0.77255   1.00000
   0.42353   0.77255   1.00000
   0.42353   0.77255   1.00000
   0.42353   0.77255   1.00000
   0.52549   0.81569   1.00000
   0.52549   0.81569   1.00000
   0.52549   0.81569   1.00000
   0.52549   0.81569   1.00000
   0.52549   0.81569   1.00000
   0.52549   0.81569   1.00000
   0.52549   0.81569   1.00000
   0.63137   0.85882   1.00000
   0.63137   0.85882   1.00000
   0.63137   0.85882   1.00000
   0.63137   0.85882   1.00000
   0.63137   0.85882   1.00000
   0.63137   0.85882   1.00000
   0.73725   0.90196   1.00000
   0.73725   0.90196   1.00000
   0.73725   0.90196   1.00000
   0.73725   0.90196   1.00000
   0.73725   0.90196   1.00000
   0.73725   0.90196   1.00000
   0.73725   0.90196   1.00000
   0.84314   0.94510   1.00000
   0.84314   0.94510   1.00000
   0.84314   0.94510   1.00000
   0.94510   0.98823   1.00000
   0.94510   0.98823   1.00000
   0.94510   0.98823   1.00000
   0.20000   0.55379   0.15379
   0.29167   0.81618   0.42966
   0.70833   0.88971   0.56446
   0.79861   0.88644   0.60999
   0.86806   0.87827   0.64982
   0.93750   0.87010   0.68964
   0.99927   0.86164   0.72255
   0.99191   0.85061   0.69314
   0.98456   0.83958   0.66373
   0.97721   0.82855   0.63431
   0.96985   0.81753   0.60490
   0.96250   0.80650   0.57549
   0.95515   0.79547   0.54608
   0.94736   0.78444   0.51624
   0.93940   0.77341   0.48621
   0.93143   0.76238   0.45619
   0.92347   0.75135   0.42616
   0.91550   0.74032   0.39614
   0.90754   0.72929   0.36612
   0.89957   0.71826   0.33609
   0.89161   0.70723   0.30607
   0.88364   0.69620   0.27604
   0.87567   0.68517   0.24602
   0.86771   0.67414   0.21599
   0.85974   0.66311   0.18597
   0.85178   0.65208   0.15594
   0.82396   0.64436   0.14853
   0.79393   0.63701   0.14363
   0.76391   0.62966   0.13872
   0.73388   0.62230   0.13382
   0.70386   0.61495   0.12892
   0.67384   0.60760   0.12402
   0.65760   0.60086   0.11973
   0.65515   0.59473   0.11605
   0.65270   0.58860   0.11238
   0.65025   0.58248   0.10870
   0.64779   0.57635   0.10503
   0.64534   0.57022   0.10135
   0.64302   0.56409   0.09767
   0.64179   0.55797   0.09399
   0.64056   0.55184   0.09032
   0.63934   0.54571   0.08664
   0.63811   0.53958   0.08297
   0.63689   0.53346   0.07929
   0.63566   0.52733   0.07561
   0.63401   0.52077   0.07194
   0.63217   0.51403   0.06826
   0.63033   0.50729   0.06458
   0.62849   0.50055   0.06091
   0.62665   0.49381   0.05723
   0.62482   0.48707   0.05355
   0.62298   0.48052   0.04988
   0.62114   0.47439   0.04620
   0.61930   0.46826   0.04253
   0.61746   0.46213   0.03885
   0.61563   0.45601   0.03517
   0.61379   0.44988   0.03150
   0.61195   0.44375   0.02782
   0.61011   0.43707   0.02359
   0.60827   0.43033   0.01930
   0.60643   0.42359   0.01501
   0.60460   0.41685   0.01072
   0.60276   0.41011   0.00643
   0.60092   0.40337   0.00215
   0.60276   0.39602   0.02727
   0.60827   0.38805   0.08180
   0.61379   0.38009   0.13634
   0.61930   0.37212   0.19087
   0.62482   0.36415   0.24540
   0.63033   0.35619   0.29994
   0.63627   0.35080   0.35080
   0.64608   0.36857   0.36857
   0.65588   0.38634   0.38634
   0.66569   0.40411   0.40411
   0.67549   0.42188   0.42188
   0.68529   0.43964   0.43964
   0.69510   0.45741   0.45741
   0.70018   0.47518   0.47518
   0.70325   0.49295   0.49295
   0.70631   0.51072   0.51072
   0.70938   0.52849   0.52849
   0.71244   0.54626   0.54626
   0.71550   0.56403   0.56403
   0.71967   0.58180   0.58180
   0.72641   0.59957   0.59957
   0.73315   0.61734   0.61734
   0.73989   0.63511   0.63511
   0.74663   0.65288   0.65288
   0.75337   0.67065   0.67065
   0.76011   0.68842   0.68842
   0.76630   0.70564   0.70564
   0.77243   0.72279   0.72279
   0.77855   0.73995   0.73995
   0.78468   0.75711   0.75711
   0.79081   0.77426   0.77426
   0.79694   0.79142   0.79142
   0.80766   0.80766   0.80766
   0.82298   0.82298   0.82298
   0.83830   0.83830   0.83830
   0.85361   0.85361   0.85361
   0.86893   0.86893   0.86893
   0.88425   0.88425   0.88425
   0.89884   0.89884   0.89884
   0.90680   0.90680   0.90680
   0.91477   0.91477   0.91477
   0.92273   0.92273   0.92273
   0.93070   0.93070   0.93070
   0.93866   0.93866   0.93866
   0.94663   0.94663   0.94663
   0.95460   0.95460   0.95460
   0.96256   0.96256   0.96256
   0.97053   0.97053   0.97053
   0.97849   0.97849   0.97849
   0.98646   0.98646   0.98646
   0.99442   0.99442   0.99442
   1.00000   1.00000   1.00000
   1.00000   1.00000   1.00000
   1.00000   1.00000   1.00000
   1.00000   1.00000   1.00000
   1.00000   1.00000   1.00000
   1.00000   1.00000   1.00000
   1.00000   1.00000   1.00000
   1.00000   1.00000   1.00000
   1.00000   1.00000   1.00000
   1.00000   1.00000   1.00000
   1.00000   1.00000   1.00000
