   0.12250   0.00276   0.10633
   0.16750   0.01131   0.16672
   0.18893   0.02391   0.21250
   0.20218   0.04056   0.25750
   0.20962   0.06126   0.30250
   0.21283   0.08601   0.34750
   0.21339   0.11481   0.39250
   0.21287   0.14766   0.43750
   0.21286   0.18456   0.48250
   0.22551   0.23608   0.52750
   0.49340   0.56818   0.26601
   0.57897   0.61364   0.31519
   0.65909   0.65469   0.36849
   0.70455   0.66374   0.42593
   0.75000   0.67708   0.48750
   0.79545   0.69635   0.55320
   0.84091   0.72317   0.62304
   0.88636   0.75917   0.69700
   0.93182   0.80597   0.77510
   0.97727   0.86521   0.85733
