   0.00000   0.00098   0.00490
   0.00000   0.00294   0.01471
   0.00000   0.00490   0.02451
   0.00000   0.00686   0.03431
   0.00000   0.00882   0.04412
   0.00000   0.01078   0.05392
   0.00000   0.01275   0.06373
   0.00000   0.01471   0.07353
   0.00000   0.01667   0.08333
   0.00000   0.01863   0.09314
   0.00000   0.02059   0.10294
   0.00000   0.02255   0.11275
   0.00000   0.02451   0.12255
   0.00000   0.02647   0.13235
   0.00000   0.02843   0.14216
   0.00000   0.03039   0.15196
   0.00000   0.03235   0.16176
   0.00000   0.03431   0.17157
   0.00000   0.03627   0.18137
   0.00000   0.03824   0.19118
   0.00000   0.05294   0.21078
   0.00000   0.08039   0.24020
   0.00000   0.10784   0.26961
   0.00000   0.13529   0.29902
   0.00000   0.16274   0.32843
   0.00000   0.19020   0.35784
   0.00000   0.21765   0.38726
   0.00000   0.24510   0.41667
   0.00000   0.27255   0.44608
   0.00000   0.30000   0.47549
   0.00000   0.32745   0.50490
   0.00000   0.35490   0.53431
   0.00000   0.38235   0.56372
   0.00000   0.40980   0.59314
   0.00000   0.43725   0.62255
   0.00000   0.46471   0.65196
   0.00000   0.49216   0.68137
   0.00000   0.51961   0.71078
   0.00000   0.54706   0.74020
   0.00000   0.57451   0.76961
   0.01686   0.59745   0.78118
   0.05059   0.61588   0.77490
   0.08431   0.63431   0.76863
   0.11804   0.65275   0.76235
   0.15177   0.67118   0.75608
   0.18549   0.68961   0.74980
   0.21922   0.70804   0.74353
   0.25294   0.72647   0.73725
   0.28667   0.74490   0.73098
   0.32039   0.76333   0.72471
   0.35412   0.78196   0.71843
   0.38784   0.80078   0.71216
   0.42157   0.81961   0.70588
   0.45529   0.83843   0.69961
   0.48902   0.85725   0.69333
   0.52275   0.87608   0.68706
   0.55647   0.89490   0.68078
   0.59020   0.91373   0.67451
   0.62392   0.93255   0.66824
   0.65765   0.95137   0.66196
   0.68216   0.96176   0.66725
   0.69745   0.96372   0.68412
   0.71275   0.96569   0.70098
   0.72804   0.96765   0.71784
   0.74333   0.96961   0.73471
   0.75863   0.97157   0.75157
   0.77392   0.97353   0.76843
   0.78922   0.97549   0.78529
   0.80451   0.97745   0.80216
   0.81980   0.97941   0.81902
   0.83510   0.98137   0.83608
   0.85039   0.98333   0.85333
   0.86569   0.98529   0.87059
   0.88098   0.98725   0.88784
   0.89627   0.98922   0.90510
   0.91157   0.99118   0.92235
   0.92686   0.99314   0.93961
   0.94216   0.99510   0.95686
   0.95745   0.99706   0.97412
   0.97275   0.99902   0.99137
