   0.00000   0.00000   0.50588
   0.00000   0.00000   0.52157
   0.00000   0.00000   0.53725
   0.00000   0.00000   0.55294
   0.00000   0.00000   0.56863
   0.00000   0.00000   0.58431
   0.00000   0.00000   0.60000
   0.00000   0.00000   0.61569
   0.00000   0.00000   0.63137
   0.00000   0.00000   0.64706
   0.00000   0.00000   0.66274
   0.00000   0.00000   0.67843
   0.00000   0.00000   0.69412
   0.00000   0.00000   0.70980
   0.00000   0.00000   0.72549
   0.00000   0.00000   0.74118
   0.00000   0.00000   0.75686
   0.00000   0.00000   0.77255
   0.00000   0.00000   0.78824
   0.00000   0.00000   0.80392
   0.00000   0.00000   0.81961
   0.00000   0.00000   0.83529
   0.00000   0.00000   0.85098
   0.00000   0.00000   0.86667
   0.00000   0.00000   0.88235
   0.00000   0.00000   0.89804
   0.00000   0.00000   0.91373
   0.00000   0.00000   0.92941
   0.00000   0.00000   0.94510
   0.00000   0.00000   0.96078
   0.00000   0.00000   0.97647
   0.00000   0.00000   0.99216
   0.00000   0.00781   1.00000
   0.00000   0.02344   1.00000
   0.00000   0.03906   1.00000
   0.00000   0.05469   1.00000
   0.00000   0.07031   1.00000
   0.00000   0.08594   1.00000
   0.00000   0.10156   1.00000
   0.00000   0.11719   1.00000
   0.00000   0.13281   1.00000
   0.00000   0.14844   1.00000
   0.00000   0.16406   1.00000
   0.00000   0.17969   1.00000
   0.00000   0.19531   1.00000
   0.00000   0.21094   1.00000
   0.00000   0.22656   1.00000
   0.00000   0.24219   1.00000
   0.00000   0.25781   1.00000
   0.00000   0.27344   1.00000
   0.00000   0.28906   1.00000
   0.00000   0.30469   1.00000
   0.00000   0.32031   1.00000
   0.00000   0.33594   1.00000
   0.00000   0.35156   1.00000
   0.00000   0.36719   1.00000
   0.00000   0.38281   1.00000
   0.00000   0.39844   1.00000
   0.00000   0.41406   1.00000
   0.00000   0.42969   1.00000
   0.00000   0.44531   1.00000
   0.00000   0.46094   1.00000
   0.00000   0.47656   1.00000
   0.00000   0.49219   1.00000
   0.00000   0.50781   1.00000
   0.00000   0.52344   1.00000
   0.00000   0.53906   1.00000
   0.00000   0.55469   1.00000
   0.00000   0.57031   1.00000
   0.00000   0.58594   1.00000
   0.00000   0.60156   1.00000
   0.00000   0.61719   1.00000
   0.00000   0.63281   1.00000
   0.00000   0.64844   1.00000
   0.00000   0.66406   1.00000
   0.00000   0.67969   1.00000
   0.00000   0.69531   1.00000
   0.00000   0.71094   1.00000
   0.00000   0.72656   1.00000
   0.00000   0.74219   1.00000
   0.00000   0.75781   1.00000
   0.00000   0.77344   1.00000
   0.00000   0.78906   1.00000
   0.00000   0.80469   1.00000
   0.00000   0.82031   1.00000
   0.00000   0.83594   1.00000
   0.00000   0.85156   1.00000
   0.00000   0.86719   1.00000
   0.00000   0.88281   1.00000
   0.00000   0.89844   1.00000
   0.00000   0.91406   1.00000
   0.00000   0.92969   1.00000
   0.00000   0.94531   1.00000
   0.00000   0.96094   1.00000
   0.00000   0.97656   1.00000
   0.00000   0.99219   1.00000
   1.00000   1.00000   0.99858
   1.00000   1.00000   0.99070
   1.00000   1.00000   0.98282
   1.00000   1.00000   0.97493
   1.00000   1.00000   0.96705
   1.00000   1.00000   0.95917
   1.00000   1.00000   0.95129
   1.00000   1.00000   0.94340
   1.00000   1.00000   0.93552
   1.00000   1.00000   0.92764
   1.00000   1.00000   0.91976
   1.00000   1.00000   0.91187
   1.00000   1.00000   0.90399
   1.00000   1.00000   0.89611
   1.00000   1.00000   0.88823
   1.00000   1.00000   0.88034
   1.00000   1.00000   0.87246
   1.00000   1.00000   0.86458
   1.00000   1.00000   0.85669
   1.00000   1.00000   0.84881
   1.00000   1.00000   0.84093
   1.00000   1.00000   0.83305
   1.00000   1.00000   0.82516
   1.00000   1.00000   0.81728
   1.00000   1.00000   0.80940
   1.00000   1.00000   0.80152
   1.00000   1.00000   0.79364
   1.00000   1.00000   0.78575
   1.00000   1.00000   0.77787
   1.00000   1.00000   0.76999
   1.00000   1.00000   0.76210
   1.00000   1.00000   0.75422
   1.00000   1.00000   0.74634
   1.00000   1.00000   0.73846
   1.00000   1.00000   0.73057
   1.00000   1.00000   0.72269
   1.00000   1.00000   0.71481
   1.00000   1.00000   0.70693
   1.00000   1.00000   0.69904
   1.00000   1.00000   0.69116
   1.00000   1.00000   0.68328
   1.00000   1.00000   0.67540
   1.00000   1.00000   0.66751
   1.00000   1.00000   0.65963
   1.00000   1.00000   0.65175
   1.00000   1.00000   0.64387
   1.00000   1.00000   0.63598
   1.00000   1.00000   0.62810
   1.00000   1.00000   0.62022
   1.00000   1.00000   0.61234
   1.00000   1.00000   0.60445
   1.00000   1.00000   0.59657
   1.00000   1.00000   0.58869
   1.00000   1.00000   0.58081
   1.00000   1.00000   0.57292
   1.00000   1.00000   0.56504
   1.00000   1.00000   0.55716
   1.00000   1.00000   0.54928
   1.00000   1.00000   0.54139
   1.00000   1.00000   0.53351
   1.00000   1.00000   0.52563
   1.00000   1.00000   0.51775
   1.00000   1.00000   0.50986
   1.00000   1.00000   0.50198
   1.00000   0.99717   0.00000
   1.00000   0.98147   0.00000
   1.00000   0.96577   0.00000
   1.00000   0.95006   0.00000
   1.00000   0.93436   0.00000
   1.00000   0.91866   0.00000
   1.00000   0.90295   0.00000
   1.00000   0.88725   0.00000
   1.00000   0.87155   0.00000
   1.00000   0.85584   0.00000
   1.00000   0.84014   0.00000
   1.00000   0.82443   0.00000
   1.00000   0.80873   0.00000
   1.00000   0.79303   0.00000
   1.00000   0.77732   0.00000
   1.00000   0.76162   0.00000
   1.00000   0.74592   0.00000
   1.00000   0.73021   0.00000
   1.00000   0.71451   0.00000
   1.00000   0.69881   0.00000
   1.00000   0.68310   0.00000
   1.00000   0.66740   0.00000
   1.00000   0.65170   0.00000
   1.00000   0.63599   0.00000
   1.00000   0.62029   0.00000
   1.00000   0.60458   0.00000
   1.00000   0.58888   0.00000
   1.00000   0.57318   0.00000
   1.00000   0.55747   0.00000
   1.00000   0.54177   0.00000
   1.00000   0.52607   0.00000
   1.00000   0.51036   0.00000
   1.00000   0.49466   0.00000
   1.00000   0.47896   0.00000
   1.00000   0.46325   0.00000
   1.00000   0.44755   0.00000
   1.00000   0.43185   0.00000
   1.00000   0.41614   0.00000
   1.00000   0.40044   0.00000
   1.00000   0.38474   0.00000
   1.00000   0.36903   0.00000
   1.00000   0.35333   0.00000
   1.00000   0.33763   0.00000
   1.00000   0.32192   0.00000
   1.00000   0.30622   0.00000
   1.00000   0.29052   0.00000
   1.00000   0.27481   0.00000
   1.00000   0.25911   0.00000
   1.00000   0.24340   0.00000
   1.00000   0.22770   0.00000
   1.00000   0.21200   0.00000
   1.00000   0.19629   0.00000
   1.00000   0.18059   0.00000
   1.00000   0.16489   0.00000
   1.00000   0.14918   0.00000
   1.00000   0.13348   0.00000
   1.00000   0.11778   0.00000
   1.00000   0.10207   0.00000
   1.00000   0.08637   0.00000
   1.00000   0.07067   0.00000
   1.00000   0.05496   0.00000
   1.00000   0.03926   0.00000
   1.00000   0.02355   0.00000
   1.00000   0.00785   0.00000
   0.99216   0.00000   0.00000
   0.97647   0.00000   0.00000
   0.96078   0.00000   0.00000
   0.94510   0.00000   0.00000
   0.92941   0.00000   0.00000
   0.91373   0.00000   0.00000
   0.89804   0.00000   0.00000
   0.88235   0.00000   0.00000
   0.86667   0.00000   0.00000
   0.85098   0.00000   0.00000
   0.83529   0.00000   0.00000
   0.81961   0.00000   0.00000
   0.80392   0.00000   0.00000
   0.78824   0.00000   0.00000
   0.77255   0.00000   0.00000
   0.75686   0.00000   0.00000
   0.74118   0.00000   0.00000
   0.72549   0.00000   0.00000
   0.70980   0.00000   0.00000
   0.69412   0.00000   0.00000
   0.67843   0.00000   0.00000
   0.66274   0.00000   0.00000
   0.64706   0.00000   0.00000
   0.63137   0.00000   0.00000
   0.61569   0.00000   0.00000
   0.60000   0.00000   0.00000
   0.58431   0.00000   0.00000
   0.56863   0.00000   0.00000
   0.55294   0.00000   0.00000
   0.53725   0.00000   0.00000
