   0.67251   0.00000   0.00000
   0.68418   0.00000   0.00000
   0.69586   0.00000   0.00000
   0.70754   0.00000   0.00000
   0.71922   0.00000   0.00000
   0.73089   0.00000   0.00000
   0.74257   0.00000   0.00000
   0.75425   0.00000   0.00000
   0.76593   0.00000   0.00000
   0.77761   0.00000   0.00000
   0.78928   0.00000   0.00000
   0.80096   0.00000   0.00000
   0.81264   0.00000   0.00000
   0.82432   0.00000   0.00000
   0.83600   0.00000   0.00000
   0.84767   0.00000   0.00000
   0.85935   0.00000   0.00000
   0.87103   0.00000   0.00000
   0.88271   0.00000   0.00000
   0.89438   0.00000   0.00000
   0.90606   0.00000   0.00000
   0.91774   0.00000   0.00000
   0.92942   0.00000   0.00000
   0.94110   0.00000   0.00000
   0.95278   0.00000   0.00000
   0.96445   0.00000   0.00000
   0.97613   0.00000   0.00000
   0.98781   0.00000   0.00000
   0.99949   0.00000   0.00000
   1.00000   0.01121   0.00000
   1.00000   0.02294   0.00000
   1.00000   0.03467   0.00000
   1.00000   0.04641   0.00000
   1.00000   0.05814   0.00000
   1.00000   0.06987   0.00000
   1.00000   0.08160   0.00000
   1.00000   0.09333   0.00000
   1.00000   0.10506   0.00000
   1.00000   0.11679   0.00000
   1.00000   0.12852   0.00000
   1.00000   0.14025   0.00000
   1.00000   0.15198   0.00000
   1.00000   0.16371   0.00000
   1.00000   0.17544   0.00000
   1.00000   0.18717   0.00000
   1.00000   0.19890   0.00000
   1.00000   0.21063   0.00000
   1.00000   0.22236   0.00000
   1.00000   0.23409   0.00000
   1.00000   0.24582   0.00000
   1.00000   0.25755   0.00000
   1.00000   0.26928   0.00000
   1.00000   0.28102   0.00000
   1.00000   0.29275   0.00000
   1.00000   0.30448   0.00000
   1.00000   0.31621   0.00000
   1.00000   0.32794   0.00000
   1.00000   0.33967   0.00000
   1.00000   0.35140   0.00000
   1.00000   0.36313   0.00000
   1.00000   0.37486   0.00000
   1.00000   0.38659   0.00000
   1.00000   0.39832   0.00000
   1.00000   0.41005   0.00000
   1.00000   0.42178   0.00000
   1.00000   0.43351   0.00000
   1.00000   0.44524   0.00000
   1.00000   0.45697   0.00000
   1.00000   0.46870   0.00000
   1.00000   0.48043   0.00000
   1.00000   0.49216   0.00000
   1.00000   0.50389   0.00000
   1.00000   0.51562   0.00000
   1.00000   0.52736   0.00000
   1.00000   0.53909   0.00000
   1.00000   0.55082   0.00000
   1.00000   0.56255   0.00000
   1.00000   0.57428   0.00000
   1.00000   0.58601   0.00000
   1.00000   0.59774   0.00000
   1.00000   0.60947   0.00000
   1.00000   0.62120   0.00000
   1.00000   0.63293   0.00000
   1.00000   0.64466   0.00000
   1.00000   0.65639   0.00000
   1.00000   0.66812   0.00000
   1.00000   0.67985   0.00000
   1.00000   0.69158   0.00000
   1.00000   0.70331   0.00000
   1.00000   0.71504   0.00000
   1.00000   0.72677   0.00000
   1.00000   0.73850   0.00000
   1.00000   0.75024   0.00000
   1.00000   0.76196   0.00000
   1.00000   0.77370   0.00000
   1.00000   0.78543   0.00000
   1.00000   0.79716   0.00000
   1.00000   0.80889   0.00000
   1.00000   0.82062   0.00000
   1.00000   0.83235   0.00000
   1.00000   0.84408   0.00000
   1.00000   0.85581   0.00000
   1.00000   0.86754   0.00000
   1.00000   0.87927   0.00000
   1.00000   0.89100   0.00000
   1.00000   0.90273   0.00000
   1.00000   0.91446   0.00000
   1.00000   0.92619   0.00000
   1.00000   0.93792   0.00000
   1.00000   0.94965   0.00000
   1.00000   0.96138   0.00000
   1.00000   0.97311   0.00000
   1.00000   0.98484   0.00000
   1.00000   0.99657   0.00000
   1.00000   1.00000   0.00000
   1.00000   1.00000   0.00000
   1.00000   1.00000   0.00000
   1.00000   1.00000   0.00000
   1.00000   1.00000   0.00000
   1.00000   1.00000   0.00000
   1.00000   1.00000   0.00000
   1.00000   1.00000   0.00000
   1.00000   1.00000   0.00000
   1.00000   1.00000   0.00000
   1.00000   1.00000   0.00000
   1.00000   1.00000   0.00000
   1.00000   1.00000   0.00000
   1.00000   1.00000   0.00000
   1.00000   1.00000   0.00000
   1.00000   1.00000   0.00000
   1.00000   1.00000   0.00000
   1.00000   1.00000   0.00000
   1.00000   1.00000   0.00000
   1.00000   1.00000   0.00000
   1.00000   1.00000   0.00000
   1.00000   1.00000   0.00000
   1.00000   1.00000   0.00000
   1.00000   1.00000   0.00000
   1.00000   1.00000   0.00000
   1.00000   1.00000   0.00000
   1.00000   1.00000   0.00000
   1.00000   1.00000   0.00000
   0.99335   1.00000   0.00121
   0.97058   1.00000   0.00535
   0.94781   1.00000   0.00949
   0.92504   1.00000   0.01363
   0.90227   1.00000   0.01777
   0.87950   1.00000   0.02191
   0.85672   1.00000   0.02605
   0.83395   1.00000   0.03019
   0.81118   1.00000   0.03433
   0.78841   1.00000   0.03847
   0.76564   1.00000   0.04261
   0.74287   1.00000   0.04675
   0.72010   1.00000   0.05089
   0.69733   1.00000   0.05503
   0.67456   1.00000   0.05917
   0.65179   1.00000   0.06331
   0.62902   1.00000   0.06745
   0.60624   1.00000   0.07159
   0.58347   1.00000   0.07573
   0.56070   1.00000   0.07987
   0.53793   1.00000   0.08401
   0.51516   1.00000   0.08815
   0.49239   1.00000   0.09229
   0.46962   1.00000   0.09643
   0.44685   1.00000   0.10057
   0.42408   1.00000   0.10471
   0.40131   1.00000   0.10885
   0.37854   1.00000   0.11299
   0.35577   1.00000   0.11713
   0.34206   0.99819   0.12732
   0.32964   0.99612   0.13836
   0.31722   0.99405   0.14940
   0.30480   0.99198   0.16044
   0.29238   0.98991   0.17148
   0.27996   0.98784   0.18252
   0.26754   0.98577   0.19356
   0.25512   0.98370   0.20460
   0.24270   0.98163   0.21564
   0.23028   0.97956   0.22668
   0.21786   0.97749   0.23772
   0.20543   0.97542   0.24876
   0.19301   0.97335   0.25980
   0.18059   0.97128   0.27084
   0.16817   0.96921   0.28188
   0.15575   0.96714   0.29293
   0.14333   0.96507   0.30397
   0.13091   0.96299   0.31501
   0.11849   0.96092   0.32605
   0.10607   0.95885   0.33709
   0.09365   0.95679   0.34813
   0.08123   0.95472   0.35917
   0.06881   0.95265   0.37021
   0.05639   0.95057   0.38125
   0.04397   0.94850   0.39229
   0.03155   0.94643   0.40333
   0.01913   0.94436   0.41437
   0.00671   0.94229   0.42541
   0.00000   0.93102   0.44058
   0.00000   0.90894   0.46059
   0.00000   0.88686   0.48060
   0.00000   0.86478   0.50061
   0.00000   0.84270   0.52062
   0.00000   0.82061   0.54063
   0.00000   0.79853   0.56064
   0.00000   0.77645   0.58065
   0.00000   0.75437   0.60066
   0.00000   0.73229   0.62068
   0.00000   0.71021   0.64069
   0.00000   0.68813   0.66070
   0.00000   0.66605   0.68071
   0.00000   0.64397   0.70072
   0.00000   0.62189   0.72073
   0.00000   0.59981   0.74074
   0.00000   0.57772   0.76075
   0.00000   0.55564   0.78076
   0.00000   0.53356   0.80077
   0.00000   0.51148   0.82078
   0.00000   0.48940   0.84079
   0.00000   0.46732   0.86080
   0.00000   0.44524   0.88082
   0.00000   0.42316   0.90083
   0.00000   0.40108   0.92084
   0.00000   0.37900   0.94085
   0.00000   0.35692   0.96086
   0.00000   0.33483   0.98087
   0.00000   0.31324   0.99970
   0.00000   0.30225   0.99283
   0.00000   0.29126   0.98596
   0.00000   0.28027   0.97909
   0.00000   0.26928   0.97222
   0.00000   0.25829   0.96535
   0.00000   0.24730   0.95848
   0.00000   0.23630   0.95161
   0.00000   0.22531   0.94474
   0.00000   0.21432   0.93787
   0.00000   0.20333   0.93100
   0.00000   0.19234   0.92414
   0.00000   0.18135   0.91727
   0.00000   0.17036   0.91040
   0.00000   0.15937   0.90353
   0.00000   0.14838   0.89666
   0.00000   0.13739   0.88979
   0.00000   0.12640   0.88292
   0.00000   0.11541   0.87605
   0.00000   0.10441   0.86918
   0.00000   0.09342   0.86231
   0.00000   0.08243   0.85544
   0.00000   0.07144   0.84857
   0.00000   0.06045   0.84170
   0.00000   0.04946   0.83483
   0.00000   0.03847   0.82796
   0.00000   0.02748   0.82109
