   0.01255   0.00783   0.00502
   0.03765   0.02347   0.01506
   0.06274   0.03912   0.02510
   0.08784   0.05477   0.03514
   0.11294   0.07042   0.04518
   0.13804   0.08607   0.05522
   0.16314   0.10172   0.06526
   0.18823   0.11737   0.07529
   0.21333   0.13302   0.08533
   0.23843   0.14867   0.09537
   0.26353   0.16432   0.10541
   0.28863   0.17997   0.11545
   0.31372   0.19562   0.12549
   0.33882   0.21127   0.13553
   0.36392   0.22692   0.14557
   0.38902   0.24257   0.15561
   0.41412   0.25822   0.16565
   0.43922   0.27386   0.17569
   0.46431   0.28951   0.18573
   0.48941   0.30516   0.19577
   0.51451   0.32081   0.20580
   0.53961   0.33646   0.21584
   0.56471   0.35211   0.22588
   0.58980   0.36776   0.23592
   0.61490   0.38341   0.24596
   0.64000   0.39906   0.25600
   0.66510   0.41471   0.26604
   0.69020   0.43036   0.27608
   0.71529   0.44601   0.28612
   0.74039   0.46166   0.29616
   0.76549   0.47731   0.30620
   0.79059   0.49295   0.31624
   0.81569   0.50860   0.32627
   0.84078   0.52425   0.33631
   0.86588   0.53990   0.34635
   0.89098   0.55555   0.35639
   0.91608   0.57120   0.36643
   0.94118   0.58685   0.37647
   0.96627   0.60250   0.38651
   0.99137   0.61815   0.39655
   1.00000   0.63392   0.40659
   1.00000   0.64975   0.41663
   1.00000   0.66558   0.42667
   1.00000   0.68141   0.43671
   1.00000   0.69724   0.44675
   1.00000   0.71307   0.45678
   1.00000   0.72891   0.46682
   1.00000   0.74474   0.47686
   1.00000   0.76057   0.48690
   1.00000   0.77640   0.49694
