   0.37255   0.37255   0.37255
   0.38039   0.38039   0.38039
   0.38824   0.38824   0.38824
   0.39608   0.39608   0.39608
   0.40392   0.40392   0.40392
   0.40784   0.40784   0.40784
   0.41569   0.41569   0.41569
   0.42353   0.42353   0.42353
   0.43137   0.43137   0.43137
   0.43922   0.43922   0.43922
   0.44706   0.44706   0.44706
   0.45490   0.45490   0.45490
   0.46275   0.46275   0.46275
   0.46667   0.46667   0.46667
   0.47451   0.47451   0.47451
   0.48235   0.48235   0.48235
   0.49020   0.49020   0.49020
   0.49804   0.49804   0.49804
   0.50588   0.50588   0.50588
   0.51373   0.51373   0.51373
   0.52157   0.52157   0.52157
   0.52941   0.52941   0.52941
   0.53333   0.53333   0.53333
   0.54118   0.54118   0.54118
   0.54902   0.54902   0.54902
   0.55686   0.55686   0.55686
   0.56471   0.56471   0.56471
   0.57255   0.57255   0.57255
   0.58039   0.58039   0.58039
   0.58824   0.58824   0.58824
   0.59216   0.59216   0.59216
   0.60000   0.60000   0.60000
   0.60784   0.60784   0.60784
   0.61569   0.61569   0.61569
   0.62353   0.62353   0.62353
   0.63137   0.63137   0.63137
   0.63922   0.63922   0.63922
   0.64706   0.64706   0.64706
   0.65490   0.65490   0.65490
   0.65882   0.65882   0.65882
   0.66667   0.66667   0.66667
   0.67451   0.67451   0.67451
   0.68235   0.68235   0.68235
   0.69020   0.69020   0.69020
   0.69804   0.69804   0.69804
   0.70588   0.70588   0.70588
   0.71373   0.71373   0.71373
   0.71765   0.71765   0.71765
   0.72549   0.72549   0.72549
   0.73333   0.73333   0.73333
   0.74118   0.74118   0.74118
   0.74902   0.74902   0.74902
   0.75686   0.75686   0.75686
   0.76471   0.76471   0.76471
   0.77255   0.77255   0.77255
   0.78039   0.78039   0.78039
   0.78431   0.78431   0.78431
   0.79216   0.79216   0.79216
   0.80000   0.80000   0.80000
   0.80784   0.80784   0.80784
   0.81569   0.81569   0.81569
   0.82353   0.82353   0.82353
   0.83137   0.83137   0.83137
   0.83922   0.83922   0.83922
   0.84314   0.84314   0.84314
   0.85098   0.85098   0.85098
   0.85882   0.85882   0.85882
   0.86667   0.86667   0.86667
   0.87451   0.87451   0.87451
   0.88235   0.88235   0.88235
   0.89020   0.89020   0.89020
   0.89804   0.89804   0.89804
   0.90588   0.90588   0.90588
   0.90980   0.90980   0.90980
   0.91765   0.91765   0.91765
   0.92549   0.92549   0.92549
   0.93333   0.93333   0.93333
   0.94118   0.94118   0.94118
   0.94902   0.94902   0.94902
   0.95686   0.95686   0.95686
   0.96471   0.96471   0.96471
   0.96863   0.96863   0.96863
   0.97647   0.97647   0.97647
   0.98431   0.98431   0.98431
   1.00000   1.00000   1.00000
   1.00000   1.00000   1.00000
   1.00000   1.00000   1.00000
   1.00000   1.00000   1.00000
   1.00000   1.00000   1.00000
   1.00000   1.00000   1.00000
   1.00000   1.00000   1.00000
   1.00000   1.00000   1.00000
   1.00000   1.00000   1.00000
   1.00000   1.00000   1.00000
   1.00000   1.00000   1.00000
   1.00000   1.00000   1.00000
   1.00000   1.00000   1.00000
   1.00000   1.00000   1.00000
   1.00000   1.00000   1.00000
   1.00000   1.00000   1.00000
   1.00000   1.00000   1.00000
   1.00000   1.00000   1.00000
   1.00000   1.00000   1.00000
   1.00000   1.00000   1.00000
   1.00000   1.00000   1.00000
   1.00000   1.00000   1.00000
   1.00000   1.00000   1.00000
   1.00000   1.00000   1.00000
   1.00000   1.00000   1.00000
   1.00000   1.00000   1.00000
   1.00000   1.00000   1.00000
   1.00000   1.00000   1.00000
   1.00000   1.00000   1.00000
   1.00000   1.00000   1.00000
   1.00000   1.00000   1.00000
   1.00000   1.00000   1.00000
   1.00000   1.00000   1.00000
   1.00000   1.00000   1.00000
   1.00000   1.00000   1.00000
   1.00000   1.00000   1.00000
   1.00000   1.00000   1.00000
   1.00000   1.00000   1.00000
   1.00000   1.00000   1.00000
   1.00000   1.00000   1.00000
   1.00000   1.00000   1.00000
   1.00000   1.00000   1.00000
   1.00000   1.00000   1.00000
   1.00000   1.00000   1.00000
   1.00000   1.00000   1.00000
   1.00000   1.00000   1.00000
   1.00000   1.00000   1.00000
   1.00000   1.00000   1.00000
   1.00000   1.00000   1.00000
   1.00000   1.00000   1.00000
   1.00000   1.00000   1.00000
   1.00000   1.00000   1.00000
   1.00000   1.00000   1.00000
   1.00000   1.00000   1.00000
   1.00000   1.00000   1.00000
   1.00000   1.00000   1.00000
   1.00000   1.00000   1.00000
   1.00000   1.00000   1.00000
   1.00000   1.00000   1.00000
   1.00000   1.00000   1.00000
   1.00000   1.00000   1.00000
   1.00000   1.00000   1.00000
   1.00000   1.00000   1.00000
   1.00000   1.00000   1.00000
   1.00000   1.00000   1.00000
   1.00000   1.00000   1.00000
   1.00000   1.00000   1.00000
   1.00000   1.00000   1.00000
   1.00000   1.00000   1.00000
   1.00000   1.00000   1.00000
   1.00000   1.00000   1.00000
   1.00000   1.00000   1.00000
   1.00000   1.00000   1.00000
   1.00000   1.00000   1.00000
   1.00000   1.00000   1.00000
   1.00000   1.00000   1.00000
   1.00000   1.00000   1.00000
   1.00000   1.00000   1.00000
   1.00000   1.00000   1.00000
   1.00000   1.00000   1.00000
   1.00000   1.00000   1.00000
   1.00000   1.00000   1.00000
   1.00000   1.00000   1.00000
   1.00000   1.00000   1.00000
   1.00000   1.00000   1.00000
   1.00000   1.00000   1.00000
   0.99216   0.99216   0.99216
   0.98431   0.98431   0.98431
   0.97647   0.97647   0.97647
   0.96863   0.96863   0.96863
   0.96471   0.96471   0.96471
   0.95686   0.95686   0.95686
   0.94902   0.94902   0.94902
   0.94118   0.94118   0.94118
   0.93333   0.93333   0.93333
   0.92549   0.92549   0.92549
   0.91765   0.91765   0.91765
   0.90980   0.90980   0.90980
   0.90588   0.90588   0.90588
   0.89804   0.89804   0.89804
   0.89020   0.89020   0.89020
   0.88235   0.88235   0.88235
   0.87451   0.87451   0.87451
   0.86667   0.86667   0.86667
   0.85882   0.85882   0.85882
   0.85098   0.85098   0.85098
   0.84314   0.84314   0.84314
   0.83922   0.83922   0.83922
   0.83137   0.83137   0.83137
   0.82353   0.82353   0.82353
   0.81569   0.81569   0.81569
   0.80784   0.80784   0.80784
   0.80000   0.80000   0.80000
   0.79216   0.79216   0.79216
   0.78431   0.78431   0.78431
   0.78039   0.78039   0.78039
   0.77255   0.77255   0.77255
   0.76471   0.76471   0.76471
   0.75686   0.75686   0.75686
   0.74902   0.74902   0.74902
   0.74118   0.74118   0.74118
   0.73333   0.73333   0.73333
   0.72549   0.72549   0.72549
   0.71765   0.71765   0.71765
   0.71373   0.71373   0.71373
   0.70588   0.70588   0.70588
   0.69804   0.69804   0.69804
   0.69020   0.69020   0.69020
   0.68235   0.68235   0.68235
   0.67451   0.67451   0.67451
   0.66667   0.66667   0.66667
   0.65882   0.65882   0.65882
   0.65490   0.65490   0.65490
   0.64706   0.64706   0.64706
   0.63922   0.63922   0.63922
   0.63137   0.63137   0.63137
   0.62353   0.62353   0.62353
   0.61569   0.61569   0.61569
   0.60784   0.60784   0.60784
   0.60000   0.60000   0.60000
   0.59216   0.59216   0.59216
   0.58824   0.58824   0.58824
   0.58039   0.58039   0.58039
   0.57255   0.57255   0.57255
   0.56471   0.56471   0.56471
   0.55686   0.55686   0.55686
   0.54902   0.54902   0.54902
   0.54118   0.54118   0.54118
   0.53333   0.53333   0.53333
   0.52941   0.52941   0.52941
   0.52157   0.52157   0.52157
   0.51373   0.51373   0.51373
   0.50588   0.50588   0.50588
   0.49804   0.49804   0.49804
   0.49020   0.49020   0.49020
   0.48235   0.48235   0.48235
   0.47451   0.47451   0.47451
   0.46667   0.46667   0.46667
   0.46275   0.46275   0.46275
   0.45490   0.45490   0.45490
   0.44706   0.44706   0.44706
   0.43922   0.43922   0.43922
   0.43137   0.43137   0.43137
   0.42353   0.42353   0.42353
   0.41569   0.41569   0.41569
   0.40784   0.40784   0.40784
   0.40392   0.40392   0.40392
   0.39608   0.39608   0.39608
   0.38824   0.38824   0.38824
   0.37255   0.37255   0.37255
