   0.09804   1.00000   0.32157
   0.10588   1.00000   0.32941
   0.10980   1.00000   0.33333
   0.11765   1.00000   0.33725
   0.12157   1.00000   0.34118
   0.12941   1.00000   0.34510
   0.13333   1.00000   0.34902
   0.14118   1.00000   0.35294
   0.14510   1.00000   0.36078
   0.15294   1.00000   0.36471
   0.15686   1.00000   0.36863
   0.16471   1.00000   0.37255
   0.16863   1.00000   0.37647
   0.17647   1.00000   0.38039
   0.18039   1.00000   0.38431
   0.18824   1.00000   0.39216
   0.19216   1.00000   0.39608
   0.20000   1.00000   0.40000
   0.20784   1.00000   0.40392
   0.21176   1.00000   0.40784
   0.21961   1.00000   0.41176
   0.22353   1.00000   0.41569
   0.23137   1.00000   0.42353
   0.23529   1.00000   0.42745
   0.24314   1.00000   0.43137
   0.24706   1.00000   0.43529
   0.25490   1.00000   0.43922
   0.25882   1.00000   0.44314
   0.26667   1.00000   0.45098
   0.27059   1.00000   0.45490
   0.27843   1.00000   0.45882
   0.28235   1.00000   0.46275
   0.29020   1.00000   0.46667
   0.29412   1.00000   0.47059
   0.30196   1.00000   0.47451
   0.30980   1.00000   0.48235
   0.31373   1.00000   0.48627
   0.32157   1.00000   0.49020
   0.32549   1.00000   0.49412
   0.33333   1.00000   0.49804
   0.33725   1.00000   0.50196
   0.34510   1.00000   0.50588
   0.34902   1.00000   0.51373
   0.35686   1.00000   0.51765
   0.36078   1.00000   0.52157
   0.36863   1.00000   0.52549
   0.37255   1.00000   0.52941
   0.38039   1.00000   0.53333
   0.38431   1.00000   0.53725
   0.39216   1.00000   0.54510
   0.40000   1.00000   0.54902
   0.40392   1.00000   0.55294
   0.41176   1.00000   0.55686
   0.41569   1.00000   0.56078
   0.42353   1.00000   0.56471
   0.42745   1.00000   0.56863
   0.43529   1.00000   0.57647
   0.43922   1.00000   0.58039
   0.44706   1.00000   0.58431
   0.45098   1.00000   0.58824
   0.45882   1.00000   0.59216
   0.46275   1.00000   0.59608
   0.47059   1.00000   0.60392
   0.47451   1.00000   0.60784
   0.48235   1.00000   0.61176
   0.48627   1.00000   0.61569
   0.49412   1.00000   0.61961
   0.50196   1.00000   0.62353
   0.50588   1.00000   0.62745
   0.51373   1.00000   0.63529
   0.51765   1.00000   0.63922
   0.52549   1.00000   0.64314
   0.52941   1.00000   0.64706
   0.53725   1.00000   0.65098
   0.54118   1.00000   0.65490
   0.54902   1.00000   0.65882
   0.55294   1.00000   0.66667
   0.56078   1.00000   0.67059
   0.56471   1.00000   0.67451
   0.57255   1.00000   0.67843
   0.57647   1.00000   0.68235
   0.58431   1.00000   0.68627
   0.58824   1.00000   0.69020
   0.59608   1.00000   0.69804
   0.60392   1.00000   0.70196
   0.60784   1.00000   0.70588
   0.61569   1.00000   0.70980
   0.61961   1.00000   0.71373
   0.62745   1.00000   0.71765
   0.63137   1.00000   0.72549
   0.63922   1.00000   0.72941
   0.64314   1.00000   0.73333
   0.65098   1.00000   0.73725
   0.65490   1.00000   0.74118
   0.66275   1.00000   0.74510
   0.66667   1.00000   0.74902
   0.67451   1.00000   0.75686
   0.67843   1.00000   0.76078
   0.68627   1.00000   0.76471
   0.69020   1.00000   0.76863
   0.69804   1.00000   0.77255
   0.70588   1.00000   0.77647
   0.70980   1.00000   0.78039
   0.71765   1.00000   0.78824
   0.72157   1.00000   0.79216
   0.72941   1.00000   0.79608
   0.73333   1.00000   0.80000
   0.74118   1.00000   0.80392
   0.74510   1.00000   0.80784
   0.75294   1.00000   0.81176
   0.75686   1.00000   0.81961
   0.76471   1.00000   0.82353
   0.76863   1.00000   0.82745
   0.77647   1.00000   0.83137
   0.78039   1.00000   0.83529
   0.78824   1.00000   0.83922
   0.79216   1.00000   0.84314
   0.80000   1.00000   0.85098
   0.80784   1.00000   0.85490
   0.81176   1.00000   0.85882
   0.81961   1.00000   0.86275
   0.82353   1.00000   0.86667
   0.83137   1.00000   0.87059
   0.83529   1.00000   0.87843
   0.84314   1.00000   0.88235
   0.84706   1.00000   0.88627
   0.98039   1.00000   0.84706
   0.98039   1.00000   0.84314
   0.97647   1.00000   0.83529
   0.97647   1.00000   0.83137
   0.97647   1.00000   0.82353
   0.97647   1.00000   0.81961
   0.97647   1.00000   0.81176
   0.97255   1.00000   0.80784
   0.97255   1.00000   0.80000
   0.97255   1.00000   0.79216
   0.97255   1.00000   0.78824
   0.97255   1.00000   0.78039
   0.96863   1.00000   0.77647
   0.96863   1.00000   0.76863
   0.96863   1.00000   0.76471
   0.96863   1.00000   0.75686
   0.96863   1.00000   0.75294
   0.96471   1.00000   0.74510
   0.96471   1.00000   0.74118
   0.96471   1.00000   0.73333
   0.96471   1.00000   0.72941
   0.96471   1.00000   0.72157
   0.96471   1.00000   0.71765
   0.96078   1.00000   0.70980
   0.96078   1.00000   0.70588
   0.96078   1.00000   0.69804
   0.96078   1.00000   0.69020
   0.96078   1.00000   0.68627
   0.95686   1.00000   0.67843
   0.95686   1.00000   0.67451
   0.95686   1.00000   0.66667
   0.95686   1.00000   0.66275
   0.95686   1.00000   0.65490
   0.95294   1.00000   0.65098
   0.95294   1.00000   0.64314
   0.95294   1.00000   0.63922
   0.95294   1.00000   0.63137
   0.95294   1.00000   0.62745
   0.94902   1.00000   0.61961
   0.94902   1.00000   0.61569
   0.94902   1.00000   0.60784
   0.94902   1.00000   0.60392
   0.94902   1.00000   0.59608
   0.94510   1.00000   0.58824
   0.94510   1.00000   0.58431
   0.94510   1.00000   0.57647
   0.94510   1.00000   0.57255
   0.94510   1.00000   0.56471
   0.94510   1.00000   0.56078
   0.94118   1.00000   0.55294
   0.94118   1.00000   0.54902
   0.94118   1.00000   0.54118
   0.94118   1.00000   0.53725
   0.94118   1.00000   0.52941
   0.93725   1.00000   0.52549
   0.93725   1.00000   0.51765
   0.93725   1.00000   0.51373
   0.93725   1.00000   0.50588
   0.93725   1.00000   0.50196
   0.93333   1.00000   0.49412
   0.93333   1.00000   0.48627
   0.93333   1.00000   0.48235
   0.93333   1.00000   0.47451
   0.93333   1.00000   0.47059
   0.92941   1.00000   0.46275
   0.92941   1.00000   0.45882
   0.92941   1.00000   0.45098
   0.92941   1.00000   0.44706
   0.92941   1.00000   0.43922
   0.92941   1.00000   0.43529
   0.92549   1.00000   0.42745
   0.92549   1.00000   0.42353
   0.92549   1.00000   0.41569
   0.92549   1.00000   0.41176
   0.92549   1.00000   0.40392
   0.92157   1.00000   0.39608
   0.92157   1.00000   0.39216
   0.92157   1.00000   0.38431
   0.92157   1.00000   0.38039
   0.92157   1.00000   0.37255
   0.91765   1.00000   0.36863
   0.91765   1.00000   0.36078
   0.91765   1.00000   0.35686
   0.91765   1.00000   0.34902
   0.91765   1.00000   0.34510
   0.91373   1.00000   0.33725
   0.91373   1.00000   0.33333
   0.91373   1.00000   0.32549
   0.91373   1.00000   0.32157
   0.91373   1.00000   0.31373
   0.91373   1.00000   0.30980
   0.90980   1.00000   0.30196
   0.90980   1.00000   0.29412
   0.90980   1.00000   0.29020
   0.90980   1.00000   0.28235
   0.90980   1.00000   0.27843
   0.90588   1.00000   0.27059
   0.90588   1.00000   0.26667
   0.90588   1.00000   0.25882
   0.90588   1.00000   0.25490
   0.90588   1.00000   0.24706
   0.90196   1.00000   0.24314
   0.90196   1.00000   0.23529
   0.90196   1.00000   0.23137
   0.90196   1.00000   0.22353
   0.90196   1.00000   0.21961
   0.89804   1.00000   0.21176
   0.89804   1.00000   0.20784
   0.89804   1.00000   0.20000
   0.89804   1.00000   0.19216
   0.89804   1.00000   0.18824
   0.89412   1.00000   0.18039
   0.89412   1.00000   0.17647
   0.89412   1.00000   0.16863
   0.89412   1.00000   0.16471
   0.89412   1.00000   0.15686
   0.89412   1.00000   0.15294
   0.89020   1.00000   0.14510
   0.89020   1.00000   0.14118
   0.89020   1.00000   0.13333
   0.89020   1.00000   0.12941
   0.89020   1.00000   0.12157
   0.88627   1.00000   0.11765
   0.88627   1.00000   0.10980
   0.88627   1.00000   0.10588
   0.88627   1.00000   0.09804
