   0.00000   0.00000   1.00000
   0.00000   0.40000   1.00000
   0.00000   0.83529   1.00000
   0.09412   1.00000   1.00000
   0.40000   1.00000   1.00000
   0.60000   1.00000   1.00000
   0.40000   1.00000   0.60000
   0.10196   1.00000   0.16863
   0.20000   1.00000   0.00000
   0.49412   1.00000   0.00000
   0.80000   1.00000   0.00000
   0.87843   0.96471   0.00784
   1.00000   1.00000   0.00000
   1.00000   1.00000   0.00000
   1.00000   0.90980   0.00000
   1.00000   0.80000   0.00000
   1.00000   0.60000   0.00000
   1.00000   0.50000   0.00000
   1.00000   0.40000   0.00000
   1.00000   0.20000   0.00000
   1.00000   0.16078   0.00000
   1.00000   0.00000   0.00000
