   0.00000   0.00000   0.00000
   0.00000   0.00000   0.00000
   0.00392   0.00392   0.00392
   0.00784   0.00392   0.00392
   0.01176   0.00784   0.00784
   0.01569   0.00784   0.00784
   0.01961   0.01176   0.01176
   0.02353   0.01569   0.01569
   0.02745   0.01569   0.01569
   0.02745   0.01961   0.01961
   0.03137   0.02353   0.02353
   0.03529   0.02353   0.02353
   0.03922   0.02745   0.02745
   0.03922   0.03137   0.03137
   0.04314   0.03529   0.03529
   0.04706   0.03922   0.03922
   0.04706   0.04314   0.04314
   0.05098   0.04314   0.04314
   0.05490   0.04706   0.04706
   0.05490   0.05098   0.05098
   0.05882   0.05490   0.05490
   0.05882   0.05882   0.05882
   0.06275   0.06275   0.06275
   0.06275   0.06667   0.06667
   0.06667   0.07059   0.07059
   0.06667   0.07451   0.07451
   0.07059   0.07843   0.07843
   0.07059   0.08235   0.08235
   0.07059   0.08627   0.08627
   0.07451   0.09020   0.09020
   0.07451   0.09804   0.09804
   0.07451   0.10196   0.10196
   0.07843   0.10588   0.10588
   0.07843   0.10980   0.10980
   0.07843   0.11373   0.11373
   0.07843   0.11765   0.11765
   0.07843   0.12157   0.12157
   0.08235   0.12941   0.12941
   0.08235   0.13333   0.13333
   0.08235   0.13725   0.13725
   0.08235   0.14118   0.14118
   0.08235   0.14510   0.14510
   0.08235   0.15294   0.15294
   0.08235   0.15686   0.15686
   0.08235   0.16078   0.16078
   0.08235   0.16471   0.16471
   0.08235   0.16863   0.16863
   0.08235   0.17255   0.17255
   0.07843   0.18039   0.18039
   0.07843   0.18431   0.18431
   0.07843   0.18824   0.18824
   0.07843   0.19216   0.19216
   0.07843   0.19608   0.19608
   0.07451   0.20392   0.20392
   0.07451   0.20784   0.20784
   0.07451   0.21176   0.21176
   0.07059   0.21569   0.21569
   0.07059   0.21961   0.21961
   0.07059   0.22353   0.22353
   0.06667   0.22745   0.22745
   0.06667   0.23137   0.23137
   0.06667   0.23529   0.23529
   0.06275   0.23922   0.23922
   0.06275   0.24314   0.24314
   0.06275   0.24706   0.24706
   0.05882   0.25098   0.25098
   0.05882   0.25490   0.25490
   0.05490   0.25882   0.25882
   0.05490   0.26275   0.26275
   0.05098   0.26667   0.26667
   0.05098   0.27059   0.27059
   0.04706   0.27451   0.27451
   0.04706   0.27843   0.27843
   0.04314   0.28235   0.28235
   0.04314   0.28235   0.28235
   0.03922   0.28627   0.28627
   0.03922   0.29020   0.29020
   0.03529   0.29412   0.29412
   0.03529   0.29412   0.29412
   0.03137   0.29804   0.29804
   0.03137   0.29804   0.29804
   0.02745   0.30196   0.30196
   0.02745   0.30588   0.30588
   0.02353   0.30588   0.30588
   0.02353   0.30980   0.30980
   0.01961   0.30980   0.30980
   0.01961   0.30980   0.30980
   0.01569   0.31373   0.31373
   0.01569   0.31373   0.31373
   0.01569   0.31373   0.31373
   0.01176   0.31765   0.31765
   0.01176   0.31765   0.31765
   0.00784   0.31765   0.31765
   0.00784   0.31765   0.31765
   0.00784   0.31765   0.31765
   0.00392   0.31765   0.31765
   0.00392   0.31765   0.31765
   0.00392   0.31765   0.31765
   0.00392   0.31765   0.31765
   0.00000   0.31765   0.31765
   0.00000   0.31765   0.31765
   0.00000   0.31765   0.31765
   0.00000   0.31765   0.31765
   0.00000   0.31765   0.31765
   0.00000   0.31373   0.31373
   0.00000   0.31373   0.31373
   0.00000   0.31373   0.31373
   0.00000   0.30980   0.30980
   0.00000   0.30980   0.30980
   0.00000   0.30980   0.30980
   0.00000   0.30588   0.30588
   0.00000   0.30196   0.30196
   0.00000   0.30196   0.30196
   0.00000   0.29804   0.29804
   0.00000   0.29804   0.29804
   0.00392   0.29412   0.29412
   0.00392   0.29020   0.29020
   0.00392   0.29020   0.29020
   0.00784   0.28627   0.28627
   0.00784   0.28235   0.28235
   0.01176   0.27843   0.27843
   0.01176   0.27451   0.27451
   0.01569   0.27059   0.27059
   0.01569   0.27059   0.27059
   0.01961   0.26667   0.26667
   0.02353   0.26275   0.26275
   0.02353   0.25882   0.25882
   0.02745   0.25490   0.25490
   0.03137   0.25098   0.25098
   0.03529   0.24314   0.24314
   0.03922   0.23922   0.23922
   0.04314   0.23529   0.23529
   0.04706   0.23137   0.23137
   0.05098   0.22745   0.22745
   0.05490   0.22353   0.22353
   0.05882   0.21569   0.21569
   0.06275   0.21176   0.21176
   0.07059   0.20784   0.20784
   0.07451   0.20392   0.20392
   0.07843   0.19608   0.19608
   0.08627   0.19216   0.19216
   0.09020   0.18824   0.18824
   0.09804   0.18431   0.18431
   0.10196   0.17647   0.17647
   0.10980   0.17255   0.17255
   0.11373   0.16863   0.16863
   0.12157   0.16078   0.16078
   0.12941   0.15686   0.15686
   0.13333   0.15294   0.15294
   0.14118   0.14510   0.14510
   0.14902   0.14118   0.14118
   0.15686   0.13725   0.13725
   0.16471   0.12941   0.12941
   0.17255   0.12549   0.12549
   0.18039   0.12157   0.12157
   0.18824   0.11373   0.11373
   0.19608   0.10980   0.10980
   0.20392   0.10588   0.10588
   0.21176   0.09804   0.09804
   0.22353   0.09412   0.09412
   0.23137   0.09020   0.09020
   0.23922   0.08627   0.08627
   0.24706   0.07843   0.07843
   0.25882   0.07451   0.07451
   0.26667   0.07059   0.07059
   0.27843   0.06667   0.06667
   0.28627   0.06275   0.06275
   0.29412   0.05882   0.05882
   0.30588   0.05490   0.05490
   0.31765   0.05098   0.05098
   0.32549   0.04706   0.04706
   0.33725   0.04314   0.04314
   0.34510   0.03922   0.03922
   0.35686   0.03529   0.03529
   0.36863   0.03137   0.03137
   0.37647   0.02745   0.02745
   0.38824   0.02353   0.02353
   0.40000   0.01961   0.01961
   0.40784   0.01961   0.01961
   0.41961   0.01569   0.01569
   0.43137   0.01176   0.01176
   0.44314   0.01176   0.01176
   0.45098   0.00784   0.00784
   0.46275   0.00784   0.00784
   0.47451   0.00392   0.00392
   0.48627   0.00392   0.00392
   0.49804   0.00392   0.00392
   0.50588   0.00000   0.00000
   0.51765   0.00000   0.00000
   0.52941   0.00000   0.00000
   0.54118   0.00000   0.00000
   0.55294   0.00000   0.00000
   0.56078   0.00000   0.00000
   0.57255   0.00000   0.00000
   0.58431   0.00000   0.00000
   0.59608   0.00000   0.00000
   0.60784   0.00000   0.00000
   0.61569   0.00000   0.00000
   0.62745   0.00392   0.00392
   0.63922   0.00392   0.00392
   0.64706   0.00392   0.00392
   0.65882   0.00784   0.00784
   0.67059   0.01176   0.01176
   0.67843   0.01176   0.01176
   0.69020   0.01569   0.01569
   0.70196   0.01961   0.01961
   0.70980   0.02353   0.02353
   0.72157   0.02353   0.02353
   0.72941   0.02745   0.02745
   0.73725   0.03137   0.03137
   0.74902   0.03922   0.03922
   0.75686   0.04314   0.04314
   0.76863   0.04706   0.04706
   0.77647   0.05098   0.05098
   0.78431   0.05882   0.05882
   0.79216   0.06275   0.06275
   0.80000   0.07059   0.07059
   0.80784   0.07451   0.07451
   0.81961   0.08235   0.08235
   0.82745   0.09020   0.09020
   0.83137   0.09412   0.09412
   0.83922   0.10196   0.10196
   0.84706   0.10980   0.10980
   0.85490   0.11765   0.11765
   0.86275   0.12549   0.12549
   0.86667   0.13333   0.13333
   0.87451   0.14510   0.14510
   0.87843   0.15294   0.15294
   0.88627   0.16078   0.16078
   0.89020   0.17255   0.17255
   0.89804   0.18039   0.18039
   0.90196   0.18824   0.18824
   0.90588   0.20000   0.20000
   0.90980   0.21176   0.21176
   0.91373   0.21961   0.21961
   0.91765   0.23137   0.23137
   0.92157   0.24314   0.24314
   0.92549   0.25490   0.25490
   0.92941   0.26667   0.26667
   0.93333   0.27843   0.27843
   0.93333   0.29020   0.29020
   0.93725   0.30196   0.30196
   0.94118   0.31373   0.31373
   0.94118   0.32549   0.32549
   0.94118   0.33725   0.33725
   0.94510   0.34902   0.34902
   0.94510   0.36471   0.36471
   0.94510   0.37647   0.37647
   0.94510   0.38824   0.38824
   0.94510   0.40392   0.40392
   0.94510   0.41569   0.41569
   0.94510   0.43137   0.43137
   0.94118   0.44314   0.44314
   0.94118   0.45882   0.45882
