   0.99216   0.95686   0.24706
   1.00000   1.00000   0.53725
   1.00000   0.82745   0.27059
   1.00000   0.79608   0.13725
   1.00000   1.00000   0.83529
   0.92549   0.70588   0.00000
   1.00000   0.98039   0.91373
   1.00000   0.98039   0.78431
   1.00000   1.00000   0.71765
   0.98039   0.93333   0.47843
   0.95686   0.93725   0.89412
   0.94510   0.89804   0.87451
   0.89412   0.81569   0.74510
   0.89412   0.84706   0.74510
   1.00000   0.96471   0.85098
   0.87843   0.77255   0.61961
   0.87843   0.82353   0.70588
   0.85882   0.80000   0.66275
   0.96078   0.88235   0.74118
   0.87843   0.69020   0.61961
   0.81176   0.73333   0.56078
   0.88235   0.89020   0.76471
   0.89804   0.85882   0.70196
   0.86275   0.83529   0.70588
   0.82745   0.79216   0.62353
   0.78824   0.74510   0.53725
   0.73725   0.68627   0.42353
   0.74902   0.65490   0.26275
   0.82353   0.76078   0.48627
   1.00000   0.93333   0.74902
   1.00000   0.89804   0.61569
   1.00000   0.87451   0.52157
   0.99608   0.90196   0.43922
   0.99608   0.88627   0.34510
   0.99608   0.85882   0.18039
   0.96863   0.95294   0.63137
   1.00000   0.81176   0.50588
   1.00000   0.80000   0.60000
   1.00000   0.89020   0.53725
   1.00000   0.85882   0.40392
   0.57255   0.86275   0.71765
   0.85098   0.99216   0.82745
   0.81176   0.93725   0.87451
   0.83529   0.90196   0.80000
   0.75294   0.81569   0.75294
   0.67451   0.89412   0.78431
   0.85882   0.99608   0.73725
   0.73333   1.00000   0.86667
   0.88235   0.94118   0.84706
   0.83922   0.99608   0.60392
   0.58431   1.00000   0.79216
   0.80392   1.00000   0.85098
   0.65098   0.98824   0.66667
   0.79608   0.93725   0.80784
   0.60392   0.80784   0.99608
   0.41176   0.81176   0.61176
   0.74118   0.85882   0.94510
   0.72157   0.91765   0.76471
   0.56471   0.64706   0.39608
   0.71765   0.85098   0.80000
   0.65490   0.72941   0.52549
   0.64706   0.66667   0.67843
   0.55294   0.74510   0.80392
   0.73333   0.75294   0.77255
   0.33725   0.87843   0.98824
   0.26275   0.68627   0.97647
   0.41961   0.76471   1.00000
   0.21961   0.70588   0.69412
   0.37647   0.80000   0.74902
   0.74902   0.89020   0.86275
   0.80392   0.87059   1.00000
   0.00392   0.61176   0.80392
   0.60392   0.74902   0.75294
   0.75294   0.68235   0.71373
   0.72549   0.58431   0.59608
   0.85098   0.76078   0.63922
   0.50980   0.00000   0.25490
   0.43137   0.28627   0.03529
   1.00000   0.71765   0.87059
   1.00000   0.76471   0.89412
   1.00000   0.81961   0.91765
   1.00000   0.76471   0.97255
   1.00000   0.89804   0.95294
   1.00000   0.87843   0.87059
   0.97647   0.82745   0.82745
   1.00000   0.95294   0.78824
   1.00000   0.93725   0.85098
   1.00000   0.89804   0.76471
   1.00000   0.83529   0.61569
   1.00000   0.63529   0.15294
   1.00000   0.75686   0.43529
   0.95686   0.54510   0.00000
   0.99608   0.86275   0.49412
   0.99608   0.80000   0.40784
   0.99608   0.77647   0.16471
   0.99608   0.80392   0.67451
   0.99608   0.71765   0.52549
   0.99608   0.62745   0.37647
   0.99608   0.52941   0.21176
   0.99608   0.45882   0.09412
   0.92157   0.37647   0.00392
   0.78824   0.32157   0.00392
   0.69412   0.28235   0.00392
   0.57647   0.23529   0.00392
   0.92549   0.83529   0.77647
   0.86667   0.70196   0.59216
   0.82745   0.61569   0.47451
   0.77647   0.50196   0.31373
   0.66275   0.39608   0.21569
   0.76078   0.25490   0.00000
   0.37255   0.22353   0.12157
   0.52157   0.30980   0.16863
   0.62745   0.20784   0.00000
   0.43137   0.14510   0.00000
   0.98824   0.43137   0.48627
   1.00000   0.75686   0.71765
   1.00000   0.88235   0.90980
   0.89412   0.34510   0.56863
   1.00000   0.93725   0.95294
   0.86667   0.16078   0.44706
   1.00000   0.81961   0.86275
   1.00000   0.50588   0.62353
   1.00000   0.66275   0.61569
   0.90980   0.10980   0.00000
   1.00000   0.20000   0.09020
   0.83922   0.00000   0.00000
   0.97647   0.70980   0.73333
   0.97255   0.74510   0.68235
   1.00000   0.70196   0.77255
   1.00000   0.43529   0.41961
   0.98824   0.32157   0.38431
   0.91373   0.47451   0.65098
   0.98824   0.71373   0.71373
   1.00000   0.65490   0.73725
   0.95686   0.23529   0.42353
   0.98431   0.13725   0.21961
   0.95686   0.10196   0.52941
   1.00000   0.38824   0.53333
   1.00000   0.15294   0.35294
   0.67451   0.00000   0.00000
   1.00000   0.43529   0.35686
   0.89020   0.46667   0.67843
   0.92941   0.65490   0.79216
   0.91373   0.57647   0.74510
   1.00000   0.83922   0.81961
   1.00000   0.74902   0.80784
   1.00000   0.58431   0.68235
   1.00000   0.43529   0.56863
   1.00000   0.10588   0.31765
   0.90980   0.00000   0.21569
   0.80784   0.00000   0.19216
   0.69020   0.00000   0.16471
   0.75686   0.00392   0.03922
   0.58039   0.00000   0.13725
   0.63922   0.00392   0.03529
   0.45882   0.00392   0.02745
   0.65490   0.65490   1.00000
   0.91765   0.68627   1.00000
   0.80784   0.61569   1.00000
   0.64314   0.28627   1.00000
   0.50588   0.01176   1.00000
   0.27451   0.00000   0.54902
   0.00000   0.36078   0.00000
   0.49020   1.00000   0.49020
   0.78824   1.00000   0.78824
   0.90196   0.80392   1.00000
   0.62353   1.00000   0.62353
   0.91373   1.00000   0.91373
   0.00000   0.00000   1.00000
   1.00000   0.34118   1.00000
   1.00000   0.55294   1.00000
   1.00000   0.65490   1.00000
   0.99608   0.40392   0.00000
   1.00000   0.00000   0.00000
   0.72549   0.23137   0.40784
   0.52941   0.16863   0.29804
   0.78824   0.33333   0.49412
   0.00000   0.50196   0.00000
   0.70588   0.81176   0.89412
   0.85882   0.85882   0.90588
   0.92941   0.92941   0.95294
   0.75294   0.75294   0.75294
   0.69412   0.69412   0.69412
   0.79216   0.79216   0.86275
   0.63529   0.63529   0.75294
   0.71373   0.71373   0.80784
   0.58824   0.58824   0.58824
   0.63922   0.21569   0.99216
   0.92549   0.83922   0.99608
   0.87843   0.73725   0.99608
   0.83529   0.64314   0.99608
   0.78431   0.52549   0.99608
   0.80000   0.71765   1.00000
   0.70196   0.58431   1.00000
   0.56471   0.38824   1.00000
   0.62353   0.00000   0.79216
   0.48235   0.00000   0.61176
   0.41569   0.00000   0.41569
   0.51765   0.38039   0.24314
   0.81569   0.79608   0.69020
   0.69020   0.65490   0.47059
   0.53333   0.49804   0.31373
   0.67451   0.49804   0.31373
   0.42745   0.31373   0.20000
   0.39216   0.00784   0.04314
   0.53333   0.49804   0.31373
   1.00000   1.00000   1.00000
   0.60000   0.80000   1.00000
   1.00000   0.83529   0.61569
   1.00000   0.81961   0.86275
   0.52157   0.30980   0.16863
   0.41961   0.76471   1.00000
   0.62745   0.20784   0.00000
