   0.00000   0.00000   0.56078
   0.00000   0.00000   0.62353
   0.00000   0.00000   0.68627
   0.00000   0.00000   0.74902
   0.00000   0.00000   0.81176
   0.00000   0.00000   0.87451
   0.00000   0.00000   0.93725
   0.00000   0.00000   1.00000
   0.00000   0.05882   1.00000
   0.00000   0.12157   1.00000
   0.00000   0.18431   1.00000
   0.00000   0.24706   1.00000
   0.00000   0.30980   1.00000
   0.00000   0.37255   1.00000
   0.00000   0.43529   1.00000
   0.00000   0.49804   1.00000
   0.00000   0.56078   1.00000
   0.00000   0.62353   1.00000
   0.00000   0.68627   1.00000
   0.00000   0.74902   1.00000
   0.00000   0.81176   1.00000
   0.00000   0.87451   1.00000
   0.00000   0.93725   1.00000
   0.00000   1.00000   1.00000
   0.05882   1.00000   0.93725
   0.12157   1.00000   0.87451
   0.18431   1.00000   0.81176
   0.24706   1.00000   0.74902
   0.30980   1.00000   0.68627
   0.37255   1.00000   0.62353
   0.43529   1.00000   0.56078
   0.49804   1.00000   0.49804
   0.56078   1.00000   0.43529
   0.62353   1.00000   0.37255
   0.68627   1.00000   0.30980
   0.74902   1.00000   0.24706
   0.81176   1.00000   0.18431
   0.87451   1.00000   0.12157
   0.93725   1.00000   0.05882
   1.00000   1.00000   0.00000
   1.00000   0.93725   0.00000
   1.00000   0.87451   0.00000
   1.00000   0.81176   0.00000
   1.00000   0.74902   0.00000
   1.00000   0.68627   0.00000
   1.00000   0.62353   0.00000
   1.00000   0.56078   0.00000
   1.00000   0.49804   0.00000
   1.00000   0.43529   0.00000
   1.00000   0.37255   0.00000
   1.00000   0.30980   0.00000
   1.00000   0.24706   0.00000
   1.00000   0.18431   0.00000
   1.00000   0.12157   0.00000
   1.00000   0.05882   0.00000
   1.00000   0.00000   0.00000
   0.93725   0.00000   0.00000
   0.87451   0.00000   0.00000
   0.81176   0.00000   0.00000
   0.74902   0.00000   0.00000
   0.68627   0.00000   0.00000
   0.62353   0.00000   0.00000
   0.56078   0.00000   0.00000
   0.49804   0.00000   0.00000
