   1.00000   0.00000   0.00000
   1.00000   0.09020   0.00000
   1.00000   0.18431   0.00000
   1.00000   0.27843   0.00000
   1.00000   0.37255   0.00000
   1.00000   0.46667   0.00000
   1.00000   0.56078   0.00000
   1.00000   0.65490   0.00000
   1.00000   0.74902   0.00000
   1.00000   0.84314   0.00000
   1.00000   0.93725   0.00000
   0.96863   1.00000   0.00000
   0.87451   1.00000   0.00000
   0.78039   1.00000   0.00000
   0.68627   1.00000   0.00000
   0.59216   1.00000   0.00000
   0.49804   1.00000   0.00000
   0.40392   1.00000   0.00000
   0.30980   1.00000   0.00000
   0.21569   1.00000   0.00000
   0.12157   1.00000   0.00000
   0.02745   1.00000   0.00000
   0.00000   1.00000   0.05882
   0.00000   1.00000   0.15294
   0.00000   1.00000   0.24706
   0.00000   1.00000   0.34118
   0.00000   1.00000   0.43529
   0.00000   1.00000   0.52941
   0.00000   1.00000   0.62353
   0.00000   1.00000   0.71765
   0.00000   1.00000   0.81176
   0.00000   1.00000   0.90588
   0.00000   1.00000   1.00000
   0.00000   0.90588   1.00000
   0.00000   0.81176   1.00000
   0.00000   0.71765   1.00000
   0.00000   0.62353   1.00000
   0.00000   0.52941   1.00000
   0.00000   0.43529   1.00000
   0.00000   0.34118   1.00000
   0.00000   0.24706   1.00000
   0.00000   0.15294   1.00000
   0.00000   0.05882   1.00000
   0.02745   0.00000   1.00000
   0.12157   0.00000   1.00000
   0.21569   0.00000   1.00000
   0.30980   0.00000   1.00000
   0.40392   0.00000   1.00000
   0.49804   0.00000   1.00000
   0.59216   0.00000   1.00000
   0.68627   0.00000   1.00000
   0.78039   0.00000   1.00000
   0.87451   0.00000   1.00000
   0.96863   0.00000   1.00000
   1.00000   0.00000   0.93725
   1.00000   0.00000   0.84314
   1.00000   0.00000   0.74902
   1.00000   0.00000   0.65490
   1.00000   0.00000   0.56078
   1.00000   0.00000   0.46667
   1.00000   0.00000   0.37255
   1.00000   0.00000   0.27843
   1.00000   0.00000   0.18431
   1.00000   0.00000   0.09020
