   0.03922   0.00000   0.00000
   0.08235   0.00000   0.00000
   0.12157   0.00000   0.00000
   0.16471   0.00000   0.00000
   0.20784   0.00000   0.00000
   0.24706   0.00000   0.00000
   0.29020   0.00000   0.00000
   0.32941   0.00000   0.00000
   0.37255   0.00000   0.00000
   0.41569   0.00000   0.00000
   0.45490   0.00000   0.00000
   0.49804   0.00000   0.00000
   0.54118   0.00000   0.00000
   0.58039   0.00000   0.00000
   0.62353   0.00000   0.00000
   0.66667   0.00000   0.00000
   0.70588   0.00000   0.00000
   0.74902   0.00000   0.00000
   0.78824   0.00000   0.00000
   0.83137   0.00000   0.00000
   0.87451   0.00000   0.00000
   0.91373   0.00000   0.00000
   0.95686   0.00000   0.00000
   1.00000   0.00000   0.00000
   1.00000   0.03922   0.00000
   1.00000   0.08235   0.00000
   1.00000   0.12157   0.00000
   1.00000   0.16471   0.00000
   1.00000   0.20784   0.00000
   1.00000   0.24706   0.00000
   1.00000   0.29020   0.00000
   1.00000   0.32941   0.00000
   1.00000   0.37255   0.00000
   1.00000   0.41569   0.00000
   1.00000   0.45490   0.00000
   1.00000   0.49804   0.00000
   1.00000   0.54118   0.00000
   1.00000   0.58039   0.00000
   1.00000   0.62353   0.00000
   1.00000   0.66667   0.00000
   1.00000   0.70588   0.00000
   1.00000   0.74902   0.00000
   1.00000   0.78824   0.00000
   1.00000   0.83137   0.00000
   1.00000   0.87451   0.00000
   1.00000   0.91373   0.00000
   1.00000   0.95686   0.00000
   1.00000   1.00000   0.00000
   1.00000   1.00000   0.05882
   1.00000   1.00000   0.12157
   1.00000   1.00000   0.18431
   1.00000   1.00000   0.24706
   1.00000   1.00000   0.30980
   1.00000   1.00000   0.37255
   1.00000   1.00000   0.43529
   1.00000   1.00000   0.49804
   1.00000   1.00000   0.56078
   1.00000   1.00000   0.62353
   1.00000   1.00000   0.68627
   1.00000   1.00000   0.74902
   1.00000   1.00000   0.81176
   1.00000   1.00000   0.87451
   1.00000   1.00000   0.93725
   1.00000   1.00000   1.00000
