   0.00000   0.00000   1.00000
   0.00000   0.49804   0.00000
   1.00000   0.00000   0.00000
   0.00000   0.74902   0.74902
   0.74902   0.00000   0.74902
   0.74902   0.74902   0.00000
   0.24706   0.24706   0.24706
   0.00000   0.00000   1.00000
   0.00000   0.49804   0.00000
   1.00000   0.00000   0.00000
   0.00000   0.74902   0.74902
   0.74902   0.00000   0.74902
   0.74902   0.74902   0.00000
   0.24706   0.24706   0.24706
   0.00000   0.00000   1.00000
   0.00000   0.49804   0.00000
   1.00000   0.00000   0.00000
   0.00000   0.74902   0.74902
   0.74902   0.00000   0.74902
   0.74902   0.74902   0.00000
   0.24706   0.24706   0.24706
   0.00000   0.00000   1.00000
   0.00000   0.49804   0.00000
   1.00000   0.00000   0.00000
   0.00000   0.74902   0.74902
   0.74902   0.00000   0.74902
   0.74902   0.74902   0.00000
   0.24706   0.24706   0.24706
   0.00000   0.00000   1.00000
   0.00000   0.49804   0.00000
   1.00000   0.00000   0.00000
   0.00000   0.74902   0.74902
   0.74902   0.00000   0.74902
   0.74902   0.74902   0.00000
   0.24706   0.24706   0.24706
   0.00000   0.00000   1.00000
   0.00000   0.49804   0.00000
   1.00000   0.00000   0.00000
   0.00000   0.74902   0.74902
   0.74902   0.00000   0.74902
   0.74902   0.74902   0.00000
   0.24706   0.24706   0.24706
   0.00000   0.00000   1.00000
   0.00000   0.49804   0.00000
   1.00000   0.00000   0.00000
   0.00000   0.74902   0.74902
   0.74902   0.00000   0.74902
   0.74902   0.74902   0.00000
   0.24706   0.24706   0.24706
   0.00000   0.00000   1.00000
   0.00000   0.49804   0.00000
   1.00000   0.00000   0.00000
   0.00000   0.74902   0.74902
   0.74902   0.00000   0.74902
   0.74902   0.74902   0.00000
   0.24706   0.24706   0.24706
   0.00000   0.00000   1.00000
   0.00000   0.49804   0.00000
   1.00000   0.00000   0.00000
   0.00000   0.74902   0.74902
   0.74902   0.00000   0.74902
   0.74902   0.74902   0.00000
   0.24706   0.24706   0.24706
   0.00000   0.00000   1.00000
