   1.00000   0.02316   0.00000
   1.00000   0.06949   0.00000
   1.00000   0.11581   0.00000
   1.00000   0.16213   0.00000
   1.00000   0.20846   0.00000
   1.00000   0.25478   0.00000
   1.00000   0.30110   0.00000
   1.00000   0.34743   0.00000
   1.00000   0.39375   0.00000
   1.00000   0.41691   0.00000
   1.00000   0.48640   0.00000
   1.00000   0.50956   0.00000
   1.00000   0.57904   0.00000
   1.00000   0.60221   0.00000
   1.00000   0.67169   0.00000
   1.00000   0.69485   0.00000
   1.00000   0.76434   0.00000
   1.00000   0.81066   0.00000
   1.00000   0.83382   0.00000
   1.00000   0.90331   0.00000
   0.99596   0.94559   0.00000
   0.98051   0.97647   0.00000
   0.97279   0.99191   0.00000
   0.91140   1.00000   0.00000
   0.86507   1.00000   0.00000
   0.81875   1.00000   0.00000
   0.79559   1.00000   0.00000
   0.72610   1.00000   0.00000
   0.67978   1.00000   0.00000
   0.63345   1.00000   0.00000
   0.61029   1.00000   0.00000
   0.54081   1.00000   0.00000
   0.49448   1.00000   0.00000
   0.44816   1.00000   0.00000
   0.40184   1.00000   0.00000
   0.35551   1.00000   0.00000
   0.30919   1.00000   0.00000
   0.28603   1.00000   0.00000
   0.21654   1.00000   0.00000
   0.17022   1.00000   0.00000
   0.12389   1.00000   0.00000
   0.07757   1.00000   0.00000
   0.03125   1.00000   0.00000
   0.01581   1.00000   0.03088
   0.00037   1.00000   0.06177
   0.00000   1.00000   0.08456
   0.00000   1.00000   0.15405
   0.00000   1.00000   0.20037
   0.00000   1.00000   0.24669
   0.00000   1.00000   0.29302
   0.00000   1.00000   0.33934
   0.00000   1.00000   0.38566
   0.00000   1.00000   0.43198
   0.00000   1.00000   0.45515
   0.00000   1.00000   0.52463
   0.00000   1.00000   0.57095
   0.00000   1.00000   0.61728
   0.00000   1.00000   0.66360
   0.00000   1.00000   0.70992
   0.00000   1.00000   0.75625
   0.00000   1.00000   0.80257
   0.00000   1.00000   0.82573
   0.00000   1.00000   0.89522
   0.00000   1.00000   0.94154
   0.00000   1.00000   0.98786
   0.00000   0.96581   1.00000
   0.00000   0.91949   1.00000
   0.00000   0.87317   1.00000
   0.00000   0.82684   1.00000
   0.00000   0.78052   1.00000
   0.00000   0.73419   1.00000
   0.00000   0.68787   1.00000
   0.00000   0.64155   1.00000
   0.00000   0.59522   1.00000
   0.00000   0.54890   1.00000
   0.00000   0.52574   1.00000
   0.00000   0.45625   1.00000
   0.00000   0.40993   1.00000
   0.00000   0.36360   1.00000
   0.00000   0.31728   1.00000
   0.00000   0.27096   1.00000
   0.00000   0.22463   1.00000
   0.00000   0.17831   1.00000
   0.00000   0.13199   1.00000
   0.00000   0.08566   1.00000
   0.00772   0.04706   1.00000
   0.02316   0.01618   1.00000
   0.05331   0.00000   1.00000
   0.09963   0.00000   1.00000
   0.14595   0.00000   1.00000
   0.19228   0.00000   1.00000
   0.21544   0.00000   1.00000
   0.28493   0.00000   1.00000
   0.33125   0.00000   1.00000
   0.37757   0.00000   1.00000
   0.42390   0.00000   1.00000
   0.47022   0.00000   1.00000
   0.51654   0.00000   1.00000
   0.56287   0.00000   1.00000
   0.60919   0.00000   1.00000
   0.65551   0.00000   1.00000
   0.70184   0.00000   1.00000
   0.74816   0.00000   1.00000
   0.79448   0.00000   1.00000
   0.84081   0.00000   1.00000
   0.88713   0.00000   1.00000
   0.93345   0.00000   1.00000
   0.95662   0.00000   1.00000
   0.98787   0.00000   0.96176
   1.00000   0.00000   0.92757
   1.00000   0.00000   0.88125
   1.00000   0.00000   0.83493
   1.00000   0.00000   0.78860
   1.00000   0.00000   0.74228
   1.00000   0.00000   0.69596
   1.00000   0.00000   0.64963
   1.00000   0.00000   0.60331
   1.00000   0.00000   0.55699
   1.00000   0.00000   0.51066
   1.00000   0.00000   0.46434
   1.00000   0.00000   0.41802
   1.00000   0.00000   0.37169
   1.00000   0.00000   0.32537
   1.00000   0.00000   0.30221
   1.00000   0.00000   0.23272
   1.00000   0.00000   0.18640
   1.00000   0.00000   0.14007
   1.00000   0.00000   0.09375
