   0.13709   0.02541   0.02541
   0.17565   0.07624   0.07624
   0.20875   0.11289   0.11289
   0.23583   0.13395   0.13395
   0.26068   0.15279   0.15279
   0.28282   0.16894   0.16894
   0.30370   0.18401   0.18401
   0.32290   0.19763   0.19763
   0.34128   0.21059   0.21059
   0.34988   0.21659   0.21659
   0.37509   0.23415   0.23415
   0.38295   0.23958   0.23958
   0.40609   0.25554   0.25554
   0.41336   0.26053   0.26053
   0.43487   0.27526   0.27526
   0.44168   0.27990   0.27990
   0.46186   0.29366   0.29366
   0.47470   0.30238   0.30238
   0.48112   0.30674   0.30674
   0.49953   0.31921   0.31921
   0.51157   0.32735   0.32735
   0.52319   0.33520   0.33520
   0.52900   0.33912   0.33912
   0.54582   0.35046   0.35046
   0.55686   0.35789   0.35789
   0.56755   0.36508   0.36508
   0.57289   0.36867   0.36867
   0.58847   0.37914   0.37914
   0.59872   0.38601   0.38601
   0.60868   0.39269   0.39269
   0.61366   0.39603   0.39603
   0.62823   0.40579   0.40579
   0.63784   0.41222   0.41222
   0.64720   0.41848   0.41848
   0.65653   0.42472   0.42472
   0.66562   0.43079   0.43079
   0.67470   0.43686   0.43686
   0.67912   0.43981   0.43981
   0.69239   0.44867   0.44867
   0.70102   0.45443   0.45443
   0.70964   0.46018   0.46018
   0.71806   0.46579   0.46579
   0.72648   0.47140   0.47140
   0.73471   0.47689   0.47689
   0.74294   0.48237   0.48237
   0.74697   0.48505   0.48505
   0.75904   0.49309   0.49309
   0.76269   0.50473   0.49834
   0.76611   0.51670   0.50358
   0.76951   0.52816   0.50872
   0.77291   0.53959   0.51385
   0.77627   0.55059   0.51890
   0.77964   0.56155   0.52393
   0.78131   0.56687   0.52641
   0.78632   0.58268   0.53382
   0.78963   0.59290   0.53868
   0.79294   0.60307   0.54352
   0.79623   0.61296   0.54830
   0.79951   0.62280   0.55306
   0.80277   0.63239   0.55775
   0.80602   0.64192   0.56243
   0.80764   0.64660   0.56475
   0.81248   0.66048   0.57165
   0.81569   0.66954   0.57620
   0.81889   0.67854   0.58073
   0.82208   0.68737   0.58520
   0.82525   0.69613   0.58966
   0.82841   0.70474   0.59407
   0.83156   0.71329   0.59847
   0.83470   0.72170   0.60281
   0.83783   0.73005   0.60714
   0.84094   0.73827   0.61142
   0.84404   0.74642   0.61569
   0.84714   0.75447   0.61992
   0.85022   0.76245   0.62412
   0.85176   0.76642   0.62622
   0.85634   0.77815   0.63245
   0.85939   0.78587   0.63656
   0.86243   0.79353   0.64066
   0.86545   0.80111   0.64473
   0.86847   0.80863   0.64877
   0.87147   0.81607   0.65279
   0.87447   0.82345   0.65678
   0.87745   0.83075   0.66075
   0.88043   0.83800   0.66469
   0.88339   0.84519   0.66862
   0.88635   0.85231   0.67251
   0.88929   0.85938   0.67639
   0.89223   0.86638   0.68024
   0.89515   0.87333   0.68408
   0.89807   0.88023   0.68789
   0.89953   0.88367   0.68979
   0.90387   0.89386   0.69545
   0.90676   0.90060   0.69920
   0.90964   0.90728   0.70293
   0.91251   0.91251   0.70936
   0.91537   0.91537   0.72020
   0.91822   0.91822   0.73092
   0.92106   0.92106   0.74144
   0.92390   0.92390   0.75186
   0.92672   0.92672   0.76209
   0.92954   0.92954   0.77224
   0.93235   0.93235   0.78220
   0.93515   0.93515   0.79209
   0.93794   0.93794   0.80180
   0.94073   0.94073   0.81145
   0.94350   0.94350   0.82093
   0.94489   0.94489   0.82568
   0.94902   0.94902   0.83963
   0.95178   0.95178   0.84886
   0.95452   0.95452   0.85792
   0.95726   0.95726   0.86695
   0.95998   0.95998   0.87583
   0.96270   0.96270   0.88468
   0.96541   0.96541   0.89338
   0.96812   0.96812   0.90206
   0.97081   0.97081   0.91059
   0.97350   0.97350   0.91911
   0.97618   0.97618   0.92748
   0.97886   0.97886   0.93584
   0.98153   0.98153   0.94407
   0.98419   0.98419   0.95229
   0.98684   0.98684   0.96037
   0.98816   0.98816   0.96442
   0.99212   0.99212   0.97641
   0.99476   0.99476   0.98435
   0.99738   0.99738   0.99218
   1.00000   1.00000   1.00000
