   0.56532   0.00792   0.32818
   0.58224   0.01592   0.34141
   0.59915   0.02391   0.35463
   0.61607   0.03191   0.36786
   0.63299   0.03991   0.38108
   0.64990   0.04791   0.39431
   0.66682   0.05590   0.40754
   0.68374   0.06390   0.42076
   0.70065   0.07190   0.43399
   0.70911   0.07589   0.44060
   0.73449   0.08789   0.46044
   0.74295   0.09189   0.46705
   0.76832   0.10388   0.48689
   0.77447   0.11296   0.49396
   0.78601   0.15540   0.51657
   0.78985   0.16955   0.52411
   0.80138   0.21200   0.54671
   0.80907   0.24029   0.56178
   0.81292   0.25444   0.56932
   0.82445   0.29689   0.59193
   0.83214   0.32518   0.60700
   0.83983   0.35348   0.62207
   0.84368   0.36763   0.62960
   0.85521   0.41007   0.65221
   0.86290   0.43837   0.66728
   0.87059   0.46667   0.68235
   0.87351   0.47635   0.68912
   0.88228   0.50542   0.70942
   0.88812   0.52480   0.72295
   0.89396   0.54418   0.73649
   0.89689   0.55386   0.74325
   0.90565   0.58293   0.76355
   0.91150   0.60231   0.77709
   0.91734   0.62168   0.79062
   0.92318   0.64106   0.80415
   0.92903   0.66044   0.81769
   0.93487   0.67981   0.83122
   0.93779   0.68950   0.83798
   0.94602   0.71696   0.85652
   0.94971   0.72987   0.86298
   0.95340   0.74279   0.86944
   0.95709   0.75571   0.87589
   0.96078   0.76863   0.88235
   0.96447   0.78155   0.88881
   0.96817   0.79446   0.89527
   0.97001   0.80092   0.89850
   0.97555   0.82030   0.90819
   0.97924   0.83322   0.91465
   0.98293   0.84614   0.92111
   0.98662   0.85905   0.92757
   0.99031   0.87197   0.93402
   0.99123   0.88197   0.93849
   0.98939   0.88904   0.94095
   0.98847   0.89258   0.94218
   0.98570   0.90319   0.94587
   0.98385   0.91027   0.94833
   0.98201   0.91734   0.95079
   0.98016   0.92441   0.95325
   0.97832   0.93149   0.95571
   0.97647   0.93856   0.95817
   0.97462   0.94564   0.96063
   0.97370   0.94917   0.96186
   0.97093   0.95978   0.96555
   0.96909   0.96686   0.96801
   0.96471   0.96817   0.95963
   0.95948   0.96755   0.94764
   0.95425   0.96694   0.93564
   0.94902   0.96632   0.92365
   0.94379   0.96570   0.91165
   0.93856   0.96509   0.89965
   0.93333   0.96447   0.88766
   0.92810   0.96386   0.87566
   0.92288   0.96324   0.86367
   0.91765   0.96263   0.85167
   0.91242   0.96201   0.83968
   0.90980   0.96171   0.83368
   0.90196   0.96078   0.81569
   0.88781   0.95463   0.79293
   0.87366   0.94848   0.77017
   0.85952   0.94233   0.74740
   0.84537   0.93618   0.72464
   0.83122   0.93003   0.70188
   0.81707   0.92387   0.67912
   0.80292   0.91772   0.65636
   0.78877   0.91157   0.63360
   0.77463   0.90542   0.61084
   0.76048   0.89927   0.58808
   0.74633   0.89312   0.56532
   0.73218   0.88697   0.54256
   0.71719   0.87951   0.52018
   0.69965   0.86813   0.49896
   0.69089   0.86244   0.48835
   0.66459   0.84537   0.45652
   0.64706   0.83399   0.43529
   0.62953   0.82261   0.41407
   0.61199   0.81123   0.39285
   0.59446   0.79985   0.37163
   0.57693   0.78847   0.35040
   0.55940   0.77709   0.32918
   0.54187   0.76571   0.30796
   0.52434   0.75432   0.28674
   0.50681   0.74295   0.26551
   0.49035   0.73080   0.24998
   0.47497   0.71788   0.24014
   0.45959   0.70496   0.23030
   0.44421   0.69204   0.22045
   0.42884   0.67912   0.21061
   0.42115   0.67266   0.20569
   0.39808   0.65329   0.19093
   0.38270   0.64037   0.18108
   0.36732   0.62745   0.17124
   0.35194   0.61453   0.16140
   0.33656   0.60162   0.15156
   0.32118   0.58870   0.14172
   0.30580   0.57578   0.13187
   0.29320   0.56194   0.12757
   0.28151   0.54779   0.12511
   0.26982   0.53364   0.12264
   0.25813   0.51949   0.12019
   0.24644   0.50534   0.11772
   0.23476   0.49120   0.11526
   0.22307   0.47705   0.11280
   0.21138   0.46290   0.11034
   0.20554   0.45583   0.10911
   0.18801   0.43460   0.10542
   0.17632   0.42045   0.10296
   0.16463   0.40630   0.10050
   0.15294   0.39216   0.09804
