   0.00588   0.00000   0.00000
   0.01765   0.00000   0.00000
   0.02941   0.00000   0.00000
   0.04118   0.00000   0.00000
   0.05294   0.00000   0.00000
   0.06471   0.00000   0.00000
   0.07647   0.00000   0.00000
   0.08823   0.00000   0.00000
   0.10000   0.00000   0.00000
   0.10588   0.00000   0.00000
   0.12353   0.00000   0.00000
   0.12941   0.00000   0.00000
   0.14706   0.00000   0.00000
   0.15294   0.00000   0.00000
   0.17059   0.00000   0.00000
   0.17647   0.00000   0.00000
   0.19412   0.00000   0.00000
   0.20588   0.00000   0.00000
   0.21177   0.00000   0.00000
   0.22941   0.00000   0.00000
   0.24118   0.00000   0.00000
   0.25294   0.00000   0.00000
   0.25882   0.00000   0.00000
   0.27647   0.00000   0.00000
   0.28824   0.00000   0.00000
   0.30000   0.00000   0.00000
   0.30588   0.00000   0.00000
   0.32353   0.00000   0.00000
   0.33529   0.00000   0.00000
   0.34706   0.00000   0.00000
   0.35294   0.00000   0.00000
   0.37059   0.00000   0.00000
   0.38235   0.00000   0.00000
   0.39412   0.00000   0.00000
   0.40588   0.00000   0.00000
   0.41765   0.00000   0.00000
   0.42941   0.00000   0.00000
   0.43529   0.00000   0.00000
   0.45294   0.00000   0.00000
   0.46471   0.00000   0.00000
   0.47647   0.00000   0.00000
   0.48823   0.00000   0.00000
   0.50000   0.00000   0.00000
   0.51177   0.00000   0.00000
   0.52353   0.00000   0.00000
   0.52941   0.00000   0.00000
   0.54706   0.00000   0.00000
   0.55882   0.00000   0.00000
   0.57059   0.00000   0.00000
   0.58235   0.00000   0.00000
   0.59412   0.00000   0.00000
   0.60588   0.00000   0.00000
   0.61765   0.00000   0.00000
   0.62353   0.00000   0.00000
   0.64118   0.00000   0.00000
   0.65294   0.00000   0.00000
   0.66471   0.00000   0.00000
   0.67647   0.00000   0.00000
   0.68823   0.00000   0.00000
   0.70000   0.00000   0.00000
   0.71176   0.00000   0.00000
   0.71765   0.00000   0.00000
   0.73529   0.00000   0.00000
   0.74706   0.00000   0.00000
   0.75882   0.01177   0.00000
   0.77059   0.02745   0.00000
   0.78235   0.04314   0.00000
   0.79412   0.05882   0.00000
   0.80588   0.07451   0.00000
   0.81765   0.09020   0.00000
   0.82941   0.10588   0.00000
   0.84118   0.12157   0.00000
   0.85294   0.13725   0.00000
   0.86471   0.15294   0.00000
   0.87647   0.16863   0.00000
   0.88235   0.17647   0.00000
   0.90000   0.20000   0.00000
   0.91176   0.21569   0.00000
   0.92353   0.23137   0.00000
   0.93529   0.24706   0.00000
   0.94706   0.26274   0.00000
   0.95882   0.27843   0.00000
   0.97059   0.29412   0.00000
   0.98235   0.30980   0.00000
   0.99412   0.32549   0.00000
   1.00000   0.34118   0.00000
   1.00000   0.35686   0.00000
   1.00000   0.37255   0.00000
   1.00000   0.38824   0.00000
   1.00000   0.40392   0.00000
   1.00000   0.41961   0.00000
   1.00000   0.42745   0.00000
   1.00000   0.45098   0.00000
   1.00000   0.46667   0.00000
   1.00000   0.48235   0.00000
   1.00000   0.49804   0.00000
   1.00000   0.51372   0.02745
   1.00000   0.52941   0.05882
   1.00000   0.54510   0.09020
   1.00000   0.56078   0.12157
   1.00000   0.57647   0.15294
   1.00000   0.59216   0.18431
   1.00000   0.60784   0.21569
   1.00000   0.62353   0.24706
   1.00000   0.63922   0.27843
   1.00000   0.65490   0.30980
   1.00000   0.67059   0.34118
   1.00000   0.67843   0.35686
   1.00000   0.70196   0.40392
   1.00000   0.71765   0.43529
   1.00000   0.73333   0.46667
   1.00000   0.74902   0.49804
   1.00000   0.76471   0.52941
   1.00000   0.78039   0.56078
   1.00000   0.79608   0.59216
   1.00000   0.81177   0.62353
   1.00000   0.82745   0.65490
   1.00000   0.84314   0.68628
   1.00000   0.85882   0.71765
   1.00000   0.87451   0.74902
   1.00000   0.89020   0.78039
   1.00000   0.90588   0.81177
   1.00000   0.92157   0.84314
   1.00000   0.92941   0.85882
   1.00000   0.95294   0.90588
   1.00000   0.96863   0.93726
   1.00000   0.98431   0.96863
   1.00000   1.00000   1.00000
