   0.50604   0.23583   0.03107
   0.52203   0.24475   0.03045
   0.53802   0.25367   0.02984
   0.55402   0.26259   0.02922
   0.57001   0.27151   0.02860
   0.58600   0.28043   0.02799
   0.60200   0.28935   0.02737
   0.61799   0.29827   0.02676
   0.63399   0.30719   0.02614
   0.64198   0.31165   0.02584
   0.66597   0.32503   0.02491
   0.67397   0.32949   0.02461
   0.69796   0.34287   0.02368
   0.70542   0.34833   0.02461
   0.72618   0.36770   0.03107
   0.73310   0.37416   0.03322
   0.75386   0.39354   0.03968
   0.76771   0.40646   0.04398
   0.77463   0.41292   0.04614
   0.79539   0.43229   0.05260
   0.80923   0.44521   0.05690
   0.82307   0.45813   0.06121
   0.82999   0.46459   0.06336
   0.85075   0.48397   0.06982
   0.86459   0.49689   0.07412
   0.87843   0.50980   0.07843
   0.88289   0.51811   0.09058
   0.89627   0.54302   0.12703
   0.90519   0.55963   0.15133
   0.91411   0.57624   0.17562
   0.91857   0.58454   0.18777
   0.93195   0.60946   0.22422
   0.94087   0.62607   0.24852
   0.94979   0.64268   0.27282
   0.95871   0.65929   0.29712
   0.96763   0.67589   0.32142
   0.97655   0.69250   0.34571
   0.98101   0.70081   0.35786
   0.99223   0.72464   0.39462
   0.99254   0.73695   0.42015
   0.99285   0.74925   0.44567
   0.99316   0.76155   0.47120
   0.99346   0.77386   0.49673
   0.99377   0.78616   0.52226
   0.99408   0.79846   0.54779
   0.99423   0.80461   0.56055
   0.99469   0.82307   0.59885
   0.99500   0.83537   0.62437
   0.99531   0.84767   0.64990
   0.99562   0.85998   0.67543
   0.99593   0.87228   0.70096
   0.99500   0.88197   0.72372
   0.99285   0.88904   0.74371
   0.99177   0.89258   0.75371
   0.98854   0.90319   0.78370
   0.98639   0.91027   0.80369
   0.98424   0.91734   0.82368
   0.98208   0.92441   0.84368
   0.97993   0.93149   0.86367
   0.97778   0.93856   0.88366
   0.97562   0.94564   0.90365
   0.97455   0.94917   0.91365
   0.97132   0.95978   0.94364
   0.96917   0.96686   0.96363
   0.96148   0.96194   0.96586
   0.95194   0.95302   0.96217
   0.94241   0.94410   0.95848
   0.93287   0.93518   0.95479
   0.92334   0.92626   0.95110
   0.91380   0.91734   0.94740
   0.90427   0.90842   0.94371
   0.89473   0.89950   0.94002
   0.88520   0.89058   0.93633
   0.87566   0.88166   0.93264
   0.86613   0.87274   0.92895
   0.86136   0.86828   0.92711
   0.84706   0.85490   0.92157
   0.83537   0.84045   0.91388
   0.82368   0.82599   0.90619
   0.81200   0.81153   0.89850
   0.80031   0.79708   0.89081
   0.78862   0.78262   0.88312
   0.77693   0.76817   0.87543
   0.76524   0.75371   0.86774
   0.75356   0.73925   0.86005
   0.74187   0.72480   0.85236
   0.73018   0.71034   0.84468
   0.71849   0.69589   0.83699
   0.70680   0.68143   0.82930
   0.69419   0.66628   0.82061
   0.67882   0.64906   0.80892
   0.67113   0.64045   0.80308
   0.64806   0.61461   0.78554
   0.63268   0.59739   0.77386
   0.61730   0.58016   0.76217
   0.60192   0.56294   0.75048
   0.58654   0.54571   0.73879
   0.57117   0.52849   0.72711
   0.55579   0.51126   0.71542
   0.54041   0.49404   0.70373
   0.52503   0.47682   0.69204
   0.50965   0.45959   0.68035
   0.49519   0.43929   0.66897
   0.48166   0.41592   0.65790
   0.46813   0.39254   0.64683
   0.45459   0.36917   0.63576
   0.44106   0.34579   0.62468
   0.43429   0.33410   0.61915
   0.41399   0.29904   0.60254
   0.40046   0.27566   0.59146
   0.38693   0.25229   0.58039
   0.37339   0.22891   0.56932
   0.35986   0.20554   0.55825
   0.34633   0.18216   0.54717
   0.33279   0.15879   0.53610
   0.32041   0.14394   0.51926
   0.30842   0.13195   0.50050
   0.29642   0.11995   0.48174
   0.28443   0.10796   0.46298
   0.27243   0.09596   0.44421
   0.26044   0.08397   0.42545
   0.24844   0.07197   0.40669
   0.23645   0.05998   0.38793
   0.23045   0.05398   0.37855
   0.21246   0.03599   0.35040
   0.20046   0.02399   0.33164
   0.18847   0.01199   0.31288
   0.17647   0.00000   0.29412
