   0.98664   0.98259   0.99117
   0.98344   0.97915   0.98920
   0.98024   0.97570   0.98724
   0.97704   0.97226   0.98527
   0.97384   0.96881   0.98330
   0.97064   0.96537   0.98133
   0.96744   0.96192   0.97936
   0.96425   0.95848   0.97739
   0.96105   0.95503   0.97543
   0.95945   0.95331   0.97444
   0.95465   0.94814   0.97149
   0.95305   0.94642   0.97050
   0.94825   0.94125   0.96755
   0.94665   0.93953   0.96657
   0.94185   0.93436   0.96361
   0.94025   0.93264   0.96263
   0.93435   0.92678   0.95940
   0.92918   0.92211   0.95694
   0.92660   0.91977   0.95571
   0.91885   0.91276   0.95202
   0.91368   0.90808   0.94956
   0.90851   0.90341   0.94710
   0.90593   0.90107   0.94587
   0.89818   0.89406   0.94218
   0.89301   0.88938   0.93972
   0.88784   0.88471   0.93726
   0.88526   0.88237   0.93603
   0.87751   0.87536   0.93233
   0.87234   0.87068   0.92987
   0.86717   0.86601   0.92741
   0.86459   0.86367   0.92618
   0.85684   0.85666   0.92249
   0.85029   0.85044   0.91926
   0.84291   0.84331   0.91557
   0.83552   0.83617   0.91188
   0.82814   0.82903   0.90819
   0.82076   0.82190   0.90450
   0.81707   0.81833   0.90265
   0.80600   0.80763   0.89712
   0.79862   0.80049   0.89343
   0.79123   0.79336   0.88973
   0.78385   0.78622   0.88604
   0.77647   0.77908   0.88235
   0.76909   0.77195   0.87866
   0.76171   0.76481   0.87497
   0.75802   0.76125   0.87313
   0.74694   0.75054   0.86759
   0.73956   0.74341   0.86390
   0.73218   0.73526   0.85936
   0.72480   0.72664   0.85444
   0.71742   0.71803   0.84952
   0.71004   0.70942   0.84460
   0.70265   0.70081   0.83968
   0.69896   0.69650   0.83722
   0.68789   0.68358   0.82983
   0.68051   0.67497   0.82491
   0.67313   0.66636   0.81999
   0.66574   0.65775   0.81507
   0.65836   0.64913   0.81015
   0.65098   0.64052   0.80523
   0.64360   0.63191   0.80031
   0.63991   0.62761   0.79785
   0.62884   0.61469   0.79046
   0.62145   0.60607   0.78554
   0.61407   0.59857   0.78173
   0.60669   0.59143   0.77829
   0.59931   0.58430   0.77484
   0.59193   0.57716   0.77140
   0.58454   0.57003   0.76795
   0.57716   0.56289   0.76451
   0.56978   0.55576   0.76106
   0.56240   0.54862   0.75762
   0.55502   0.54148   0.75417
   0.54764   0.53435   0.75073
   0.54025   0.52721   0.74728
   0.53656   0.52364   0.74556
   0.52549   0.51294   0.74039
   0.51811   0.50581   0.73695
   0.51073   0.49867   0.73350
   0.50335   0.49153   0.73006
   0.49756   0.48140   0.72481
   0.49215   0.47057   0.71915
   0.48674   0.45975   0.71350
   0.48132   0.44892   0.70784
   0.47591   0.43809   0.70218
   0.47050   0.42727   0.69652
   0.46508   0.41644   0.69086
   0.45967   0.40561   0.68520
   0.45426   0.39479   0.67954
   0.44884   0.38396   0.67388
   0.44343   0.37313   0.66822
   0.44072   0.36772   0.66539
   0.43260   0.35148   0.65690
   0.42719   0.34065   0.65124
   0.42178   0.32983   0.64558
   0.41636   0.31900   0.63992
   0.41095   0.30860   0.63491
   0.40554   0.29827   0.62999
   0.40012   0.28793   0.62507
   0.39471   0.27760   0.62015
   0.38930   0.26727   0.61523
   0.38388   0.25693   0.61030
   0.37847   0.24660   0.60538
   0.37306   0.23626   0.60046
   0.36764   0.22593   0.59554
   0.36223   0.21559   0.59062
   0.35682   0.20526   0.58570
   0.35411   0.20009   0.58324
   0.34599   0.18459   0.57586
   0.34058   0.17426   0.57093
   0.33516   0.16392   0.56601
   0.32975   0.15359   0.56109
   0.32457   0.14394   0.55663
   0.31940   0.13435   0.55220
   0.31423   0.12475   0.54777
   0.30907   0.11516   0.54334
   0.30390   0.10556   0.53892
   0.29873   0.09596   0.53449
   0.29356   0.08637   0.53006
   0.28840   0.07677   0.52563
   0.28323   0.06717   0.52120
   0.27806   0.05758   0.51677
   0.27290   0.04798   0.51234
   0.27031   0.04318   0.51013
   0.26256   0.02879   0.50348
   0.25739   0.01919   0.49905
   0.25223   0.00960   0.49463
   0.24706   0.00000   0.49020
