   0.99766   0.96666   0.98321
   0.99299   0.96272   0.98099
   0.98831   0.95878   0.97878
   0.98364   0.95485   0.97656
   0.97896   0.95091   0.97435
   0.97429   0.94697   0.97213
   0.96961   0.94304   0.96992
   0.96494   0.93910   0.96771
   0.96026   0.93516   0.96549
   0.95792   0.93319   0.96438
   0.95091   0.92729   0.96106
   0.94857   0.92532   0.95995
   0.94156   0.91942   0.95663
   0.93922   0.91745   0.95552
   0.93221   0.91154   0.95220
   0.92987   0.90957   0.95110
   0.92162   0.90284   0.94736
   0.91473   0.89742   0.94441
   0.91128   0.89472   0.94293
   0.90095   0.88660   0.93850
   0.89406   0.88118   0.93555
   0.88717   0.87577   0.93260
   0.88372   0.87306   0.93112
   0.87339   0.86494   0.92669
   0.86650   0.85953   0.92374
   0.85961   0.85412   0.92078
   0.85616   0.85141   0.91931
   0.84583   0.84329   0.91488
   0.83894   0.83788   0.91193
   0.83205   0.83246   0.90897
   0.82860   0.82976   0.90750
   0.81827   0.82164   0.90307
   0.80923   0.81653   0.90027
   0.79889   0.81161   0.89756
   0.78856   0.80669   0.89486
   0.77822   0.80177   0.89215
   0.76789   0.79685   0.88944
   0.76272   0.79439   0.88809
   0.74722   0.78701   0.88403
   0.73689   0.78208   0.88132
   0.72655   0.77716   0.87862
   0.71622   0.77224   0.87591
   0.70588   0.76732   0.87320
   0.69555   0.76240   0.87050
   0.68521   0.75748   0.86779
   0.68005   0.75502   0.86644
   0.66454   0.74764   0.86238
   0.65421   0.74271   0.85967
   0.64252   0.73779   0.85679
   0.63022   0.73287   0.85384
   0.61792   0.72795   0.85089
   0.60561   0.72303   0.84794
   0.59331   0.71811   0.84498
   0.58716   0.71565   0.84351
   0.56870   0.70827   0.83908
   0.55640   0.70335   0.83613
   0.54410   0.69842   0.83317
   0.53180   0.69350   0.83022
   0.51949   0.68858   0.82727
   0.50719   0.68366   0.82431
   0.49489   0.67874   0.82136
   0.48873   0.67628   0.81989
   0.47028   0.66890   0.81546
   0.45798   0.66398   0.81250
   0.44346   0.65813   0.80900
   0.42821   0.65198   0.80531
   0.41295   0.64583   0.80161
   0.39769   0.63968   0.79792
   0.38244   0.63353   0.79423
   0.36718   0.62737   0.79054
   0.35193   0.62122   0.78685
   0.33667   0.61507   0.78316
   0.32142   0.60892   0.77947
   0.30616   0.60277   0.77578
   0.29090   0.59662   0.77209
   0.28328   0.59354   0.77024
   0.26039   0.58431   0.76471
   0.24514   0.57816   0.76101
   0.22988   0.57201   0.75732
   0.21463   0.56586   0.75363
   0.20197   0.55831   0.74974
   0.18991   0.55043   0.74581
   0.17785   0.54256   0.74187
   0.16580   0.53469   0.73793
   0.15374   0.52681   0.73400
   0.14168   0.51894   0.73006
   0.12963   0.51107   0.72612
   0.11757   0.50319   0.72218
   0.10551   0.49532   0.71825
   0.09346   0.48744   0.71431
   0.08140   0.47957   0.71037
   0.07537   0.47563   0.70840
   0.05729   0.46382   0.70250
   0.04523   0.45595   0.69856
   0.03317   0.44807   0.69463
   0.02111   0.44020   0.69069
   0.01939   0.43448   0.68266
   0.01915   0.42907   0.67405
   0.01890   0.42365   0.66544
   0.01865   0.41824   0.65682
   0.01841   0.41283   0.64821
   0.01816   0.40741   0.63960
   0.01792   0.40200   0.63099
   0.01767   0.39659   0.62238
   0.01742   0.39117   0.61376
   0.01718   0.38576   0.60515
   0.01693   0.38035   0.59654
   0.01681   0.37764   0.59223
   0.01644   0.36952   0.57932
   0.01619   0.36411   0.57070
   0.01595   0.35869   0.56209
   0.01570   0.35328   0.55348
   0.01522   0.34510   0.54071
   0.01473   0.33673   0.52767
   0.01424   0.32837   0.51463
   0.01375   0.32000   0.50159
   0.01326   0.31163   0.48855
   0.01276   0.30327   0.47551
   0.01227   0.29490   0.46247
   0.01178   0.28654   0.44943
   0.01129   0.27817   0.43639
   0.01080   0.26980   0.42334
   0.01030   0.26144   0.41030
   0.01006   0.25725   0.40378
   0.00932   0.24471   0.38422
   0.00883   0.23634   0.37118
   0.00833   0.22797   0.35814
   0.00784   0.21961   0.34510
