   0.41546   0.00369   0.12341
   0.43852   0.01107   0.12710
   0.46159   0.01845   0.13080
   0.48466   0.02584   0.13449
   0.50773   0.03322   0.13818
   0.53080   0.04060   0.14187
   0.55386   0.04798   0.14556
   0.57693   0.05536   0.14925
   0.60000   0.06274   0.15294
   0.61153   0.06644   0.15479
   0.64614   0.07751   0.16032
   0.65767   0.08120   0.16217
   0.69227   0.09227   0.16770
   0.70081   0.09965   0.17124
   0.71742   0.13287   0.18693
   0.72295   0.14394   0.19216
   0.73956   0.17716   0.20784
   0.75063   0.19931   0.21830
   0.75617   0.21038   0.22353
   0.77278   0.24360   0.23922
   0.78385   0.26574   0.24967
   0.79492   0.28789   0.26013
   0.80046   0.29896   0.26536
   0.81707   0.33218   0.28105
   0.82814   0.35432   0.29150
   0.83922   0.37647   0.30196
   0.84383   0.38708   0.31011
   0.85767   0.41892   0.33456
   0.86690   0.44014   0.35087
   0.87612   0.46136   0.36717
   0.88074   0.47197   0.37532
   0.89458   0.50381   0.39977
   0.90381   0.52503   0.41607
   0.91303   0.54625   0.43237
   0.92226   0.56747   0.44867
   0.93149   0.58870   0.46497
   0.94072   0.60992   0.48128
   0.94533   0.62053   0.48943
   0.95755   0.65121   0.51511
   0.96032   0.66782   0.53633
   0.96309   0.68443   0.55756
   0.96586   0.70104   0.57878
   0.96863   0.71765   0.60000
   0.97140   0.73426   0.62122
   0.97416   0.75086   0.64245
   0.97555   0.75917   0.65306
   0.97970   0.78408   0.68489
   0.98247   0.80069   0.70611
   0.98524   0.81730   0.72734
   0.98800   0.83391   0.74856
   0.99077   0.85052   0.76978
   0.99123   0.86313   0.78777
   0.98939   0.87174   0.80254
   0.98847   0.87605   0.80992
   0.98570   0.88897   0.83206
   0.98385   0.89758   0.84683
   0.98201   0.90619   0.86159
   0.98016   0.91480   0.87635
   0.97832   0.92341   0.89112
   0.97647   0.93203   0.90588
   0.97462   0.94064   0.92065
   0.97370   0.94494   0.92803
   0.97093   0.95786   0.95017
   0.96909   0.96647   0.96494
   0.95986   0.96447   0.96701
   0.94817   0.95894   0.96486
   0.93649   0.95340   0.96271
   0.92480   0.94787   0.96055
   0.91311   0.94233   0.95840
   0.90142   0.93679   0.95625
   0.88973   0.93126   0.95410
   0.87805   0.92572   0.95194
   0.86636   0.92019   0.94979
   0.85467   0.91465   0.94764
   0.84298   0.90911   0.94548
   0.83714   0.90634   0.94441
   0.81961   0.89804   0.94118
   0.80023   0.88820   0.93564
   0.78085   0.87835   0.93010
   0.76148   0.86851   0.92457
   0.74210   0.85867   0.91903
   0.72272   0.84883   0.91350
   0.70335   0.83899   0.90796
   0.68397   0.82914   0.90242
   0.66459   0.81930   0.89689
   0.64521   0.80946   0.89135
   0.62584   0.79962   0.88581
   0.60646   0.78977   0.88028
   0.58708   0.77993   0.87474
   0.56647   0.76870   0.86851
   0.54218   0.75333   0.86021
   0.53003   0.74564   0.85606
   0.49358   0.72257   0.84360
   0.46928   0.70719   0.83529
   0.44498   0.69181   0.82699
   0.42068   0.67643   0.81868
   0.39639   0.66105   0.81038
   0.37209   0.64568   0.80208
   0.34779   0.63030   0.79377
   0.32349   0.61492   0.78547
   0.29919   0.59954   0.77716
   0.27489   0.58416   0.76886
   0.25752   0.56955   0.76117
   0.24706   0.55571   0.75410
   0.23660   0.54187   0.74702
   0.22614   0.52803   0.73995
   0.21569   0.51419   0.73287
   0.21046   0.50727   0.72934
   0.19477   0.48651   0.71872
   0.18431   0.47266   0.71165
   0.17386   0.45882   0.70458
   0.16340   0.44498   0.69750
   0.15294   0.43114   0.69043
   0.14248   0.41730   0.68335
   0.13203   0.40346   0.67628
   0.12295   0.38754   0.65721
   0.11434   0.37093   0.63414
   0.10573   0.35432   0.61107
   0.09712   0.33772   0.58801
   0.08850   0.32111   0.56494
   0.07989   0.30450   0.54187
   0.07128   0.28789   0.51880
   0.06267   0.27128   0.49573
   0.05836   0.26298   0.48420
   0.04544   0.23806   0.44960
   0.03683   0.22145   0.42653
   0.02822   0.20484   0.40346
   0.01961   0.18823   0.38039
