   0.62814   0.79330   0.88225
   0.58247   0.76420   0.86634
   0.53679   0.73510   0.85044
   0.49112   0.70600   0.83454
   0.44544   0.67691   0.81864
   0.39977   0.64781   0.80274
   0.35410   0.61872   0.78684
   0.30842   0.58962   0.77093
   0.26274   0.56052   0.75503
   0.23991   0.54598   0.74708
   0.17140   0.50233   0.72323
   0.14856   0.48778   0.71528
   0.16678   0.50227   0.69296
   0.19165   0.51969   0.68586
   0.26625   0.57196   0.66454
   0.29112   0.58939   0.65744
   0.36572   0.64166   0.63613
   0.41546   0.67651   0.62191
   0.44032   0.69393   0.61481
   0.51493   0.74620   0.59350
   0.56466   0.78105   0.57929
   0.61439   0.81590   0.56507
   0.63926   0.83333   0.55797
   0.68437   0.86773   0.53106
   0.64140   0.84641   0.49925
   0.59843   0.82510   0.46745
   0.57695   0.81444   0.45155
   0.51249   0.78247   0.40385
   0.46953   0.76115   0.37204
   0.42656   0.73984   0.34024
   0.40508   0.72918   0.32434
   0.34062   0.69721   0.27663
   0.29765   0.67589   0.24483
   0.25469   0.65458   0.21303
   0.21172   0.63326   0.18122
   0.24921   0.62598   0.19937
   0.31688   0.62394   0.23625
   0.35071   0.62293   0.25469
   0.45221   0.61989   0.31000
   0.51988   0.61786   0.34688
   0.58754   0.61582   0.38376
   0.65521   0.61379   0.42064
   0.72288   0.61177   0.45752
   0.79054   0.60974   0.49439
   0.85821   0.60770   0.53127
   0.89204   0.60669   0.54971
   0.98321   0.59802   0.59423
   0.97509   0.55471   0.55194
   0.96697   0.51140   0.50965
   0.95885   0.46810   0.46736
   0.95073   0.42479   0.42507
   0.94261   0.38148   0.38278
   0.93449   0.33818   0.34048
   0.93043   0.31652   0.31934
   0.91825   0.25157   0.25590
   0.91013   0.20826   0.21361
   0.90201   0.16495   0.17132
   0.89389   0.12165   0.12903
   0.89499   0.13241   0.12512
   0.90379   0.18823   0.15320
   0.91259   0.24406   0.18128
   0.91699   0.27197   0.19533
   0.93018   0.35571   0.23745
   0.93898   0.41153   0.26553
   0.94777   0.46736   0.29361
   0.95657   0.52318   0.32169
   0.96537   0.57901   0.34977
   0.97416   0.63483   0.37786
   0.98296   0.69066   0.40594
   0.99176   0.74648   0.43402
   0.99280   0.72835   0.39945
   0.99348   0.70670   0.36189
   0.99416   0.68504   0.32434
   0.99483   0.66339   0.28678
   0.99551   0.64174   0.24923
   0.99585   0.63091   0.23045
   0.99686   0.59843   0.17412
   0.99754   0.57678   0.13656
   0.99822   0.55512   0.09901
   0.99889   0.53347   0.06145
   0.99957   0.51182   0.02390
   0.99348   0.50431   0.02633
   0.97555   0.52157   0.09873
   0.95762   0.53882   0.17113
   0.93968   0.55608   0.24354
   0.92175   0.57333   0.31594
   0.90382   0.59059   0.38834
   0.88589   0.60784   0.46075
   0.86796   0.62510   0.53315
   0.85003   0.64235   0.60555
   0.83210   0.65961   0.67795
   0.82313   0.66824   0.71416
   0.79623   0.69412   0.82276
   0.76706   0.66745   0.82353
   0.73458   0.62787   0.80323
   0.70210   0.58828   0.78293
   0.66962   0.54870   0.76263
   0.63714   0.50911   0.74233
   0.60466   0.46953   0.72203
   0.57218   0.42994   0.70173
   0.53970   0.39036   0.68143
   0.50722   0.35077   0.66113
   0.47474   0.31119   0.64083
   0.44226   0.27160   0.62053
   0.42485   0.25115   0.60386
   0.47526   0.31679   0.60352
   0.52567   0.38242   0.60318
   0.55088   0.41524   0.60301
   0.62650   0.51370   0.60251
   0.67691   0.57933   0.60217
   0.72732   0.64497   0.60183
   0.77773   0.71060   0.60149
   0.82814   0.77624   0.60115
   0.87855   0.84188   0.60081
   0.92897   0.90751   0.60048
   0.97938   0.97315   0.60014
   0.98441   0.96681   0.57741
   0.95802   0.91065   0.53918
   0.93163   0.85449   0.50095
   0.90524   0.79832   0.46271
   0.87885   0.74216   0.42448
   0.85246   0.68600   0.38625
   0.82607   0.62984   0.34802
   0.81287   0.60175   0.32890
   0.77329   0.51751   0.27156
   0.74690   0.46135   0.23333
   0.72051   0.40518   0.19509
   0.69412   0.34902   0.15686
