   0.00672   0.00212   0.00597
   0.01960   0.00651   0.01856
   0.03169   0.01116   0.03195
   0.04293   0.01612   0.04602
   0.05327   0.02142   0.06067
   0.06267   0.02712   0.07578
   0.07110   0.03324   0.09125
   0.07855   0.03982   0.10694
   0.08500   0.04689   0.12274
   0.08786   0.05061   0.13064
   0.09498   0.06254   0.15418
   0.09687   0.06678   0.16192
   0.10120   0.08029   0.18461
   0.10221   0.08506   0.19195
   0.10402   0.10013   0.21312
   0.10425   0.10540   0.21985
   0.10393   0.12196   0.23890
   0.10298   0.13356   0.25054
   0.10231   0.13953   0.25601
   0.09970   0.15802   0.27093
   0.09756   0.17078   0.27957
   0.09523   0.18386   0.28710
   0.09403   0.19050   0.29043
   0.09040   0.21074   0.29870
   0.08811   0.22444   0.30275
   0.08606   0.23825   0.30561
   0.08515   0.24517   0.30661
   0.08304   0.26595   0.30786
   0.08229   0.27973   0.30730
   0.08217   0.29338   0.30568
   0.08238   0.30015   0.30448
   0.08420   0.32010   0.29945
   0.08650   0.33305   0.29498
   0.08977   0.34567   0.28973
   0.09407   0.35789   0.28377
   0.09944   0.36967   0.27721
   0.10594   0.38097   0.27015
   0.10963   0.38643   0.26647
   0.12247   0.40198   0.25498
   0.13254   0.41163   0.24710
   0.14383   0.42066   0.23918
   0.15634   0.42905   0.23135
   0.17004   0.43680   0.22373
   0.18493   0.44388   0.21643
   0.20096   0.45030   0.20958
   0.20939   0.45326   0.20637
   0.23628   0.46114   0.19771
   0.25545   0.46558   0.19290
   0.27555   0.46939   0.18898
   0.29648   0.47258   0.18606
   0.31817   0.47519   0.18421
   0.34053   0.47724   0.18352
   0.36346   0.47878   0.18407
   0.37511   0.47936   0.18483
   0.41061   0.48045   0.18912
   0.43462   0.48068   0.19371
   0.45876   0.48057   0.19973
   0.48293   0.48019   0.20720
   0.50701   0.47957   0.21612
   0.53088   0.47879   0.22651
   0.55444   0.47790   0.23834
   0.56607   0.47743   0.24479
   0.60017   0.47603   0.26624
   0.62213   0.47518   0.28222
   0.64336   0.47446   0.29950
   0.66375   0.47393   0.31799
   0.68324   0.47366   0.33763
   0.70173   0.47369   0.35833
   0.71916   0.47408   0.38000
   0.73545   0.47489   0.40254
   0.75057   0.47615   0.42585
   0.76446   0.47791   0.44981
   0.77709   0.48022   0.47431
   0.78843   0.48310   0.49923
   0.79847   0.48659   0.52444
   0.80299   0.48857   0.53712
   0.81463   0.49548   0.57525
   0.82077   0.50093   0.60060
   0.82565   0.50705   0.62575
   0.82930   0.51386   0.65057
   0.83178   0.52135   0.67495
   0.83313   0.52951   0.69877
   0.83342   0.53834   0.72193
   0.83271   0.54782   0.74433
   0.83109   0.55792   0.76586
   0.82863   0.56863   0.78644
   0.82544   0.57990   0.80600
   0.82161   0.59170   0.82446
   0.81723   0.60399   0.84176
   0.81242   0.61673   0.85786
   0.80728   0.62987   0.87271
   0.80462   0.63657   0.87966
   0.79644   0.65715   0.89857
   0.79096   0.67118   0.90956
   0.78559   0.68539   0.91927
   0.78043   0.69974   0.92769
   0.77558   0.71416   0.93488
   0.77115   0.72859   0.94086
   0.76722   0.74298   0.94568
   0.76390   0.75727   0.94940
   0.76125   0.77140   0.95210
   0.75936   0.78534   0.95384
   0.75829   0.79901   0.95472
   0.75810   0.81238   0.95483
   0.75884   0.82540   0.95427
   0.76055   0.83803   0.95314
   0.76327   0.85024   0.95155
   0.76501   0.85618   0.95063
   0.77177   0.87327   0.94747
   0.77756   0.88404   0.94520
   0.78437   0.89429   0.94294
   0.79218   0.90401   0.94081
   0.80096   0.91319   0.93892
   0.81065   0.92185   0.93738
   0.82122   0.92997   0.93630
   0.83259   0.93757   0.93578
   0.84471   0.94468   0.93593
   0.85748   0.95131   0.93682
   0.87083   0.95749   0.93855
   0.88466   0.96327   0.94118
   0.89887   0.96866   0.94478
   0.91336   0.97373   0.94940
   0.92803   0.97850   0.95508
   0.93539   0.98080   0.95833
   0.95742   0.98741   0.96973
   0.97193   0.99165   0.97872
   0.98616   0.99583   0.98882
   1.00000   1.00000   1.00000
