   0.00343   0.00343   0.00477
   0.01029   0.01029   0.01432
   0.01716   0.01716   0.02387
   0.02402   0.02402   0.03342
   0.03088   0.03088   0.04297
   0.03774   0.03774   0.05252
   0.04461   0.04461   0.06206
   0.05147   0.05147   0.07161
   0.05833   0.05833   0.08116
   0.06177   0.06177   0.08593
   0.07206   0.07206   0.10026
   0.07549   0.07549   0.10503
   0.08578   0.08578   0.11935
   0.08922   0.08922   0.12413
   0.09951   0.09951   0.13845
   0.10294   0.10294   0.14322
   0.11323   0.11323   0.15755
   0.12010   0.12010   0.16709
   0.12353   0.12353   0.17187
   0.13382   0.13382   0.18619
   0.14069   0.14069   0.19574
   0.14755   0.14755   0.20529
   0.15098   0.15098   0.21006
   0.16127   0.16127   0.22438
   0.16814   0.16814   0.23393
   0.17500   0.17500   0.24348
   0.17843   0.17843   0.24825
   0.18872   0.18872   0.26258
   0.19559   0.19559   0.27212
   0.20245   0.20245   0.28167
   0.20588   0.20588   0.28644
   0.21618   0.21618   0.30077
   0.22304   0.22304   0.31032
   0.22990   0.22990   0.31986
   0.23676   0.23676   0.32941
   0.24363   0.24363   0.33896
   0.25049   0.25049   0.34851
   0.25392   0.25392   0.35328
   0.26422   0.26422   0.36760
   0.27108   0.27108   0.37715
   0.27794   0.27794   0.38670
   0.28480   0.28480   0.39625
   0.29167   0.29167   0.40580
   0.29853   0.29853   0.41535
   0.30539   0.30539   0.42489
   0.30882   0.30882   0.42967
   0.31912   0.31912   0.44399
   0.32598   0.32843   0.45098
   0.33284   0.33787   0.45784
   0.33971   0.34730   0.46471
   0.34657   0.35674   0.47157
   0.35343   0.36618   0.47843
   0.36029   0.37561   0.48529
   0.36373   0.38033   0.48873
   0.37402   0.39448   0.49902
   0.38088   0.40392   0.50588
   0.38774   0.41336   0.51275
   0.39461   0.42279   0.51961
   0.40147   0.43223   0.52647
   0.40833   0.44167   0.53333
   0.41520   0.45110   0.54020
   0.41863   0.45582   0.54363
   0.42892   0.46997   0.55392
   0.43578   0.47941   0.56078
   0.44265   0.48885   0.56765
   0.44951   0.49828   0.57451
   0.45637   0.50772   0.58137
   0.46323   0.51716   0.58824
   0.47010   0.52659   0.59510
   0.47696   0.53603   0.60196
   0.48382   0.54547   0.60882
   0.49069   0.55490   0.61569
   0.49755   0.56434   0.62255
   0.50441   0.57377   0.62941
   0.51127   0.58321   0.63627
   0.51471   0.58793   0.63971
   0.52500   0.60208   0.65000
   0.53186   0.61152   0.65686
   0.53873   0.62096   0.66373
   0.54559   0.63039   0.67059
   0.55245   0.63983   0.67745
   0.55931   0.64926   0.68431
   0.56618   0.65870   0.69118
   0.57304   0.66814   0.69804
   0.57990   0.67757   0.70490
   0.58676   0.68701   0.71176
   0.59363   0.69645   0.71863
   0.60049   0.70588   0.72549
   0.60735   0.71532   0.73235
   0.61422   0.72475   0.73922
   0.62108   0.73419   0.74608
   0.62451   0.73891   0.74951
   0.63480   0.75306   0.75980
   0.64167   0.76250   0.76667
   0.64853   0.77194   0.77353
   0.65686   0.78039   0.78039
   0.66759   0.78725   0.78725
   0.67831   0.79412   0.79412
   0.68903   0.80098   0.80098
   0.69976   0.80784   0.80784
   0.71048   0.81471   0.81471
   0.72120   0.82157   0.82157
   0.73192   0.82843   0.82843
   0.74265   0.83529   0.83529
   0.75337   0.84216   0.84216
   0.76409   0.84902   0.84902
   0.77482   0.85588   0.85588
   0.78018   0.85931   0.85931
   0.79626   0.86961   0.86961
   0.80699   0.87647   0.87647
   0.81771   0.88333   0.88333
   0.82843   0.89020   0.89020
   0.83915   0.89706   0.89706
   0.84988   0.90392   0.90392
   0.86060   0.91078   0.91078
   0.87132   0.91765   0.91765
   0.88205   0.92451   0.92451
   0.89277   0.93137   0.93137
   0.90349   0.93823   0.93823
   0.91422   0.94510   0.94510
   0.92494   0.95196   0.95196
   0.93566   0.95882   0.95882
   0.94639   0.96569   0.96569
   0.95175   0.96912   0.96912
   0.96783   0.97941   0.97941
   0.97855   0.98628   0.98628
   0.98928   0.99314   0.99314
   1.00000   1.00000   1.00000
