   0.00000   0.97855   0.91211
   0.26574   0.81938   0.00000
   0.97070   0.99285   0.00000
   1.00000   0.59054   0.00000
   1.00000   0.22145   0.00000
   1.00000   0.02953   0.11811
   1.00000   0.10334   0.41338
   0.97578   0.17716   0.70704
   0.94118   0.25098   1.00000
   0.87659   0.23253   1.00000
   0.68281   0.17716   1.00000
   0.61822   0.15871   1.00000
   0.47243   0.14025   1.00000
   0.44783   0.15256   1.00000
   0.37401   0.18947   1.00000
   0.34940   0.20177   1.00000
   0.27559   0.23868   1.00000
   0.24360   0.24360   0.97070
   0.23622   0.23622   0.94141
   0.21407   0.21407   0.85352
   0.19931   0.19931   0.79492
   0.18454   0.18454   0.73633
   0.17716   0.17716   0.70704
   0.15502   0.15502   0.61915
   0.14025   0.14025   0.56055
   0.12549   0.12549   0.50196
   0.12549   0.12549   0.47982
   0.12549   0.12549   0.41338
   0.12549   0.12549   0.36909
   0.12549   0.12549   0.32480
   0.12549   0.12549   0.30265
   0.12549   0.12549   0.23622
   0.12549   0.12549   0.19193
   0.12549   0.12549   0.14764
   0.14764   0.14764   0.14764
   0.19193   0.19193   0.19193
   0.23622   0.23622   0.23622
   0.25836   0.25836   0.25836
   0.32480   0.32480   0.32480
   0.36909   0.36909   0.36909
   0.41338   0.41338   0.41338
   0.45767   0.45767   0.45767
   0.50196   0.50196   0.50196
   0.54625   0.54625   0.54625
   0.59054   0.59054   0.59054
   0.61269   0.61269   0.61269
   0.67912   0.67912   0.67912
   0.72341   0.72341   0.72341
   0.76771   0.76771   0.76771
   0.81200   0.81200   0.81200
   0.85629   0.85629   0.85629
   0.88005   0.87705   0.87428
   0.88328   0.87428   0.86598
   0.88489   0.87290   0.86182
   0.88973   0.86874   0.84937
   0.89296   0.86598   0.84106
   0.89619   0.86321   0.83276
   0.89942   0.86044   0.82445
   0.90265   0.85767   0.81615
   0.90588   0.85490   0.80784
   0.90911   0.85213   0.79954
   0.91073   0.85075   0.79539
   0.91557   0.84660   0.78293
   0.91880   0.84383   0.77463
   0.92203   0.84106   0.76632
   0.92526   0.83829   0.75802
   0.92849   0.83552   0.74971
   0.93172   0.83276   0.74141
   0.93103   0.82607   0.72941
   0.92641   0.81546   0.71373
   0.92180   0.80484   0.69804
   0.91719   0.79423   0.68235
   0.91257   0.78362   0.66667
   0.90796   0.77301   0.65098
   0.90334   0.76240   0.63529
   0.90104   0.75709   0.62745
   0.89412   0.74118   0.60392
   0.88950   0.73057   0.58824
   0.88489   0.71995   0.57255
   0.88028   0.70934   0.55686
   0.87566   0.69873   0.54118
   0.87105   0.68812   0.52549
   0.86644   0.67751   0.50980
   0.86182   0.66690   0.49412
   0.85721   0.65629   0.47843
   0.84821   0.64429   0.46367
   0.83483   0.63091   0.44983
   0.82145   0.61753   0.43599
   0.80807   0.60415   0.42215
   0.79469   0.59077   0.40830
   0.78132   0.57739   0.39446
   0.77463   0.57070   0.38754
   0.75456   0.55063   0.36678
   0.74118   0.53725   0.35294
   0.72780   0.52387   0.33910
   0.71442   0.51050   0.32526
   0.70104   0.49712   0.31142
   0.68766   0.48374   0.29758
   0.67428   0.47036   0.28374
   0.66090   0.45698   0.26990
   0.64752   0.44360   0.25605
   0.63414   0.43022   0.24221
   0.62299   0.41915   0.23068
   0.61407   0.41038   0.22145
   0.60515   0.40161   0.21223
   0.59623   0.39285   0.20300
   0.58731   0.38408   0.19377
   0.58285   0.37970   0.18916
   0.56947   0.36655   0.17532
   0.56055   0.35778   0.16609
   0.55163   0.34902   0.15686
   0.54271   0.34025   0.14764
   0.53379   0.33149   0.13841
   0.52487   0.32272   0.12918
   0.51595   0.31396   0.11995
   0.50704   0.30519   0.11073
   0.49812   0.29642   0.10150
   0.48920   0.28766   0.09227
   0.48028   0.27889   0.08304
   0.47136   0.27013   0.07382
   0.46244   0.26136   0.06459
   0.45352   0.25260   0.05536
   0.44460   0.24383   0.04614
   0.44014   0.23945   0.04152
   0.42676   0.22630   0.02768
   0.41784   0.21753   0.01845
   0.40892   0.20877   0.00923
   0.40000   0.20000   0.00000
