   0.99975   0.96580   0.95024
   0.99926   0.96014   0.94482
   0.99877   0.95448   0.93941
   0.99828   0.94882   0.93400
   0.99778   0.94316   0.92858
   0.99729   0.93750   0.92317
   0.99680   0.93184   0.91776
   0.99631   0.92618   0.91234
   0.99582   0.92052   0.90693
   0.99557   0.91769   0.90422
   0.99483   0.90920   0.89610
   0.99459   0.90637   0.89340
   0.99385   0.89789   0.88528
   0.99360   0.89506   0.88257
   0.99286   0.88657   0.87445
   0.99262   0.88374   0.87174
   0.99202   0.87469   0.86265
   0.99177   0.86805   0.85552
   0.99165   0.86473   0.85195
   0.99128   0.85476   0.84125
   0.99103   0.84812   0.83411
   0.99079   0.84148   0.82697
   0.99067   0.83815   0.82341
   0.99030   0.82819   0.81270
   0.99005   0.82155   0.80557
   0.98980   0.81490   0.79843
   0.98968   0.81158   0.79486
   0.98931   0.80161   0.78416
   0.98907   0.79497   0.77702
   0.98882   0.78833   0.76989
   0.98870   0.78501   0.76632
   0.98833   0.77504   0.75562
   0.98793   0.76670   0.75125
   0.98744   0.75735   0.74854
   0.98694   0.74800   0.74584
   0.98645   0.73865   0.74313
   0.98596   0.72930   0.74042
   0.98571   0.72463   0.73907
   0.98497   0.71060   0.73501
   0.98448   0.70125   0.73230
   0.98399   0.69190   0.72960
   0.98350   0.68255   0.72689
   0.98301   0.67320   0.72418
   0.98251   0.66385   0.72148
   0.98202   0.65450   0.71877
   0.98178   0.64983   0.71742
   0.98104   0.63580   0.71336
   0.98055   0.62645   0.71065
   0.97988   0.61422   0.70642
   0.97915   0.60069   0.70150
   0.97841   0.58716   0.69658
   0.97767   0.57363   0.69166
   0.97693   0.56009   0.68674
   0.97656   0.55333   0.68427
   0.97546   0.53303   0.67689
   0.97472   0.51949   0.67197
   0.97398   0.50596   0.66705
   0.97324   0.49243   0.66213
   0.97250   0.47889   0.65721
   0.97176   0.46536   0.65229
   0.97103   0.45183   0.64737
   0.97066   0.44506   0.64491
   0.96955   0.42476   0.63752
   0.96881   0.41123   0.63260
   0.96383   0.39825   0.62953
   0.95743   0.38545   0.62707
   0.95103   0.37266   0.62461
   0.94464   0.35986   0.62214
   0.93824   0.34707   0.61968
   0.93184   0.33427   0.61722
   0.92544   0.32148   0.61476
   0.91905   0.30868   0.61230
   0.91265   0.29589   0.60984
   0.90625   0.28309   0.60738
   0.89985   0.27030   0.60492
   0.89666   0.26390   0.60369
   0.88706   0.24471   0.60000
   0.88066   0.23191   0.59754
   0.87426   0.21912   0.59508
   0.86787   0.20632   0.59262
   0.85727   0.19373   0.58716
   0.84571   0.18118   0.58101
   0.83414   0.16863   0.57486
   0.82258   0.15608   0.56870
   0.81101   0.14353   0.56255
   0.79945   0.13098   0.55640
   0.78788   0.11843   0.55025
   0.77632   0.10588   0.54410
   0.76475   0.09333   0.53795
   0.75319   0.08078   0.53180
   0.74162   0.06824   0.52564
   0.73584   0.06196   0.52257
   0.71849   0.04314   0.51334
   0.70693   0.03059   0.50719
   0.69536   0.01804   0.50104
   0.68380   0.00549   0.49489
   0.67116   0.00392   0.49261
   0.65836   0.00392   0.49089
   0.64557   0.00392   0.48917
   0.63277   0.00392   0.48744
   0.61998   0.00392   0.48572
   0.60718   0.00392   0.48400
   0.59439   0.00392   0.48228
   0.58159   0.00392   0.48055
   0.56880   0.00392   0.47883
   0.55600   0.00392   0.47711
   0.54321   0.00392   0.47539
   0.53681   0.00392   0.47453
   0.51762   0.00392   0.47194
   0.50482   0.00392   0.47022
   0.49203   0.00392   0.46850
   0.47923   0.00392   0.46677
   0.46713   0.00369   0.46367
   0.45507   0.00344   0.46047
   0.44301   0.00320   0.45727
   0.43096   0.00295   0.45407
   0.41890   0.00271   0.45087
   0.40684   0.00246   0.44767
   0.39479   0.00222   0.44447
   0.38273   0.00197   0.44128
   0.37067   0.00172   0.43808
   0.35862   0.00148   0.43488
   0.34656   0.00123   0.43168
   0.34053   0.00111   0.43008
   0.32245   0.00074   0.42528
   0.31039   0.00049   0.42208
   0.29833   0.00025   0.41888
   0.28627   0.00000   0.41569
