   0.00392   0.99608   1.00000
   0.01177   0.98823   1.00000
   0.01961   0.98039   1.00000
   0.02745   0.97255   1.00000
   0.03529   0.96471   1.00000
   0.04314   0.95686   1.00000
   0.05098   0.94902   1.00000
   0.05882   0.94118   1.00000
   0.06667   0.93333   1.00000
   0.07059   0.92941   1.00000
   0.08235   0.91765   1.00000
   0.08627   0.91373   1.00000
   0.09804   0.90196   1.00000
   0.10196   0.89804   1.00000
   0.11372   0.88627   1.00000
   0.11765   0.88235   1.00000
   0.12941   0.87059   1.00000
   0.13725   0.86274   1.00000
   0.14118   0.85882   1.00000
   0.15294   0.84706   1.00000
   0.16078   0.83922   1.00000
   0.16863   0.83137   1.00000
   0.17255   0.82745   1.00000
   0.18431   0.81569   1.00000
   0.19216   0.80784   1.00000
   0.20000   0.80000   1.00000
   0.20392   0.79608   1.00000
   0.21569   0.78431   1.00000
   0.22353   0.77647   1.00000
   0.23137   0.76863   1.00000
   0.23529   0.76471   1.00000
   0.24706   0.75294   1.00000
   0.25490   0.74510   1.00000
   0.26274   0.73725   1.00000
   0.27059   0.72941   1.00000
   0.27843   0.72157   1.00000
   0.28627   0.71372   1.00000
   0.29020   0.70980   1.00000
   0.30196   0.69804   1.00000
   0.30980   0.69020   1.00000
   0.31765   0.68235   1.00000
   0.32549   0.67451   1.00000
   0.33333   0.66667   1.00000
   0.34118   0.65882   1.00000
   0.34902   0.65098   1.00000
   0.35294   0.64706   1.00000
   0.36471   0.63529   1.00000
   0.37255   0.62745   1.00000
   0.38039   0.61961   1.00000
   0.38824   0.61177   1.00000
   0.39608   0.60392   1.00000
   0.40392   0.59608   1.00000
   0.41177   0.58824   1.00000
   0.41569   0.58431   1.00000
   0.42745   0.57255   1.00000
   0.43529   0.56471   1.00000
   0.44314   0.55686   1.00000
   0.45098   0.54902   1.00000
   0.45882   0.54118   1.00000
   0.46667   0.53333   1.00000
   0.47451   0.52549   1.00000
   0.47843   0.52157   1.00000
   0.49020   0.50980   1.00000
   0.49804   0.50196   1.00000
   0.50588   0.49412   1.00000
   0.51372   0.48627   1.00000
   0.52157   0.47843   1.00000
   0.52941   0.47059   1.00000
   0.53725   0.46275   1.00000
   0.54510   0.45490   1.00000
   0.55294   0.44706   1.00000
   0.56078   0.43922   1.00000
   0.56863   0.43137   1.00000
   0.57647   0.42353   1.00000
   0.58431   0.41569   1.00000
   0.58824   0.41177   1.00000
   0.60000   0.40000   1.00000
   0.60784   0.39216   1.00000
   0.61569   0.38431   1.00000
   0.62353   0.37647   1.00000
   0.63137   0.36863   1.00000
   0.63922   0.36078   1.00000
   0.64706   0.35294   1.00000
   0.65490   0.34510   1.00000
   0.66274   0.33726   1.00000
   0.67059   0.32941   1.00000
   0.67843   0.32157   1.00000
   0.68628   0.31372   1.00000
   0.69412   0.30588   1.00000
   0.70196   0.29804   1.00000
   0.70980   0.29020   1.00000
   0.71372   0.28627   1.00000
   0.72549   0.27451   1.00000
   0.73333   0.26667   1.00000
   0.74118   0.25882   1.00000
   0.74902   0.25098   1.00000
   0.75686   0.24314   1.00000
   0.76471   0.23529   1.00000
   0.77255   0.22745   1.00000
   0.78039   0.21961   1.00000
   0.78824   0.21177   1.00000
   0.79608   0.20392   1.00000
   0.80392   0.19608   1.00000
   0.81177   0.18823   1.00000
   0.81961   0.18039   1.00000
   0.82745   0.17255   1.00000
   0.83529   0.16471   1.00000
   0.83922   0.16078   1.00000
   0.85098   0.14902   1.00000
   0.85882   0.14118   1.00000
   0.86667   0.13333   1.00000
   0.87451   0.12549   1.00000
   0.88235   0.11765   1.00000
   0.89020   0.10980   1.00000
   0.89804   0.10196   1.00000
   0.90588   0.09412   1.00000
   0.91373   0.08627   1.00000
   0.92157   0.07843   1.00000
   0.92941   0.07059   1.00000
   0.93726   0.06274   1.00000
   0.94510   0.05490   1.00000
   0.95294   0.04706   1.00000
   0.96078   0.03922   1.00000
   0.96471   0.03529   1.00000
   0.97647   0.02353   1.00000
   0.98431   0.01569   1.00000
   0.99216   0.00784   1.00000
   1.00000   0.00000   1.00000
