   0.06262   0.00000   0.02464
   0.10847   0.00000   0.07385
   0.14003   0.00001   0.12289
   0.16568   0.00002   0.17163
   0.18787   0.00004   0.21995
   0.20770   0.00008   0.26773
   0.22579   0.00013   0.31487
   0.24254   0.00020   0.36124
   0.25820   0.00030   0.40674
   0.26568   0.00035   0.42912
   0.28697   0.00056   0.49466
   0.29373   0.00064   0.51592
   0.31311   0.00094   0.57777
   0.31931   0.00106   0.59771
   0.33723   0.00147   0.65528
   0.34300   0.00163   0.67370
   0.35974   0.00217   0.72643
   0.37048   0.00259   0.75941
   0.37574   0.00281   0.77520
   0.39108   0.00358   0.81974
   0.40098   0.00416   0.84696
   0.41064   0.00479   0.87212
   0.41539   0.00514   0.88391
   0.42932   0.00626   0.91603
   0.43836   0.00709   0.93468
   0.44721   0.00800   0.95106
   0.45158   0.00848   0.95838
   0.46442   0.01003   0.97685
   0.47279   0.01117   0.98620
   0.48101   0.01239   0.99316
   0.48507   0.01303   0.99573
   0.49705   0.01508   0.99983
   0.50488   0.01656   0.99953
   0.51259   0.01814   0.99679
   0.52018   0.01981   0.99164
   0.52767   0.02159   0.98409
   0.53505   0.02346   0.97414
   0.53870   0.02444   0.96828
   0.54951   0.02753   0.94718
   0.55660   0.02974   0.93023
   0.56360   0.03205   0.91102
   0.57052   0.03448   0.88960
   0.57735   0.03704   0.86602
   0.58410   0.03971   0.84034
   0.59078   0.04252   0.81262
   0.59409   0.04397   0.79802
   0.60391   0.04851   0.75133
   0.61037   0.05171   0.71791
   0.61676   0.05504   0.68275
   0.62309   0.05852   0.64593
   0.62935   0.06214   0.60754
   0.63555   0.06590   0.56767
   0.64169   0.06982   0.52643
   0.64474   0.07183   0.50533
   0.65380   0.07810   0.44022
   0.65977   0.08248   0.39545
   0.66569   0.08702   0.34973
   0.67155   0.09172   0.30315
   0.67737   0.09659   0.25584
   0.68313   0.10163   0.20791
   0.68885   0.10684   0.15948
   0.69169   0.10951   0.13510
   0.70014   0.11779   0.06156
   0.70572   0.12353   0.01232
   0.71125   0.12946   0.00000
   0.71675   0.13558   0.00000
   0.72220   0.14188   0.00000
   0.72761   0.14838   0.00000
   0.73298   0.15507   0.00000
   0.73831   0.16197   0.00000
   0.74360   0.16906   0.00000
   0.74885   0.17636   0.00000
   0.75407   0.18386   0.00000
   0.75926   0.19157   0.00000
   0.76440   0.19950   0.00000
   0.76696   0.20354   0.00000
   0.77460   0.21600   0.00000
   0.77964   0.22458   0.00000
   0.78466   0.23339   0.00000
   0.78964   0.24242   0.00000
   0.79459   0.25168   0.00000
   0.79951   0.26118   0.00000
   0.80440   0.27091   0.00000
   0.80926   0.28089   0.00000
   0.81409   0.29110   0.00000
   0.81889   0.30156   0.00000
   0.82367   0.31226   0.00000
   0.82842   0.32322   0.00000
   0.83314   0.33443   0.00000
   0.83783   0.34589   0.00000
   0.84250   0.35761   0.00000
   0.84482   0.36358   0.00000
   0.85176   0.38185   0.00000
   0.85635   0.39437   0.00000
   0.86092   0.40716   0.00000
   0.86546   0.42022   0.00000
   0.86998   0.43356   0.00000
   0.87448   0.44718   0.00000
   0.87895   0.46108   0.00000
   0.88340   0.47527   0.00000
   0.88783   0.48974   0.00000
   0.89223   0.50451   0.00000
   0.89662   0.51957   0.00000
   0.90098   0.53492   0.00000
   0.90532   0.55058   0.00000
   0.90964   0.56653   0.00000
   0.91394   0.58280   0.00000
   0.91609   0.59105   0.00000
   0.92249   0.61625   0.00000
   0.92673   0.63345   0.00000
   0.93095   0.65096   0.00000
   0.93515   0.66880   0.00000
   0.93934   0.68695   0.00000
   0.94350   0.70543   0.00000
   0.94765   0.72425   0.00000
   0.95178   0.74339   0.00000
   0.95589   0.76286   0.00000
   0.95998   0.78268   0.00000
   0.96406   0.80283   0.00000
   0.96812   0.82333   0.00000
   0.97216   0.84417   0.00000
   0.97619   0.86536   0.00000
   0.98020   0.88691   0.00000
   0.98219   0.89781   0.00000
   0.98817   0.93106   0.00000
   0.99213   0.95367   0.00000
   0.99607   0.97666   0.00000
   1.00000   1.00000   0.00000
