   0.25929   0.00646   0.30273
   0.27589   0.01938   0.31995
   0.29250   0.03229   0.33718
   0.30911   0.04521   0.35440
   0.32572   0.05813   0.37163
   0.34233   0.07105   0.38885
   0.35894   0.08397   0.40608
   0.37555   0.09689   0.42330
   0.39216   0.10980   0.44052
   0.40046   0.11626   0.44914
   0.42538   0.13564   0.47497
   0.43368   0.14210   0.48358
   0.45859   0.16148   0.50942
   0.46544   0.17009   0.51680
   0.48158   0.20238   0.53526
   0.48697   0.21315   0.54141
   0.50311   0.24544   0.55986
   0.51388   0.26697   0.57217
   0.51926   0.27774   0.57832
   0.53541   0.31003   0.59677
   0.54618   0.33156   0.60907
   0.55694   0.35309   0.62138
   0.56232   0.36386   0.62753
   0.57847   0.39615   0.64598
   0.58924   0.41769   0.65829
   0.60000   0.43922   0.67059
   0.60631   0.44737   0.67612
   0.62522   0.47182   0.69273
   0.63783   0.48812   0.70381
   0.65044   0.50442   0.71488
   0.65675   0.51257   0.72041
   0.67566   0.53702   0.73702
   0.68827   0.55333   0.74810
   0.70088   0.56963   0.75917
   0.71350   0.58593   0.77024
   0.72610   0.60223   0.78132
   0.73872   0.61853   0.79239
   0.74502   0.62668   0.79792
   0.76363   0.65067   0.81369
   0.77501   0.66513   0.82138
   0.78639   0.67958   0.82907
   0.79777   0.69404   0.83675
   0.80915   0.70850   0.84444
   0.82053   0.72295   0.85213
   0.83191   0.73741   0.85982
   0.83760   0.74464   0.86367
   0.85467   0.76632   0.87520
   0.86605   0.78078   0.88289
   0.87743   0.79523   0.89058
   0.88881   0.80969   0.89827
   0.90019   0.82415   0.90596
   0.90834   0.83675   0.91211
   0.91326   0.84752   0.91672
   0.91572   0.85290   0.91903
   0.92311   0.86905   0.92595
   0.92803   0.87981   0.93056
   0.93295   0.89058   0.93518
   0.93787   0.90135   0.93979
   0.94279   0.91211   0.94441
   0.94771   0.92288   0.94902
   0.95263   0.93364   0.95363
   0.95509   0.93902   0.95594
   0.96248   0.95517   0.96286
   0.96740   0.96594   0.96747
   0.96171   0.96701   0.96032
   0.95248   0.96486   0.94925
   0.94325   0.96271   0.93818
   0.93402   0.96055   0.92711
   0.92480   0.95840   0.91603
   0.91557   0.95625   0.90496
   0.90634   0.95410   0.89389
   0.89712   0.95194   0.88281
   0.88789   0.94979   0.87174
   0.87866   0.94764   0.86067
   0.86944   0.94548   0.84960
   0.86482   0.94441   0.84406
   0.85098   0.94118   0.82745
   0.83529   0.93472   0.81177
   0.81961   0.92826   0.79608
   0.80392   0.92180   0.78039
   0.78824   0.91534   0.76471
   0.77255   0.90888   0.74902
   0.75686   0.90242   0.73333
   0.74118   0.89596   0.71765
   0.72549   0.88950   0.70196
   0.70980   0.88305   0.68628
   0.69412   0.87659   0.67059
   0.67843   0.87013   0.65490
   0.66274   0.86367   0.63922
   0.64514   0.85536   0.62261
   0.62176   0.84152   0.60323
   0.61007   0.83460   0.59354
   0.57501   0.81384   0.56447
   0.55163   0.80000   0.54510
   0.52826   0.78616   0.52572
   0.50488   0.77232   0.50634
   0.48151   0.75848   0.48697
   0.45813   0.74464   0.46759
   0.43476   0.73080   0.44821
   0.41138   0.71696   0.42884
   0.38800   0.70311   0.40946
   0.36463   0.68927   0.39008
   0.34325   0.67405   0.37393
   0.32388   0.65744   0.36101
   0.30450   0.64083   0.34810
   0.28512   0.62422   0.33518
   0.26574   0.60761   0.32226
   0.25605   0.59931   0.31580
   0.22699   0.57439   0.29642
   0.20761   0.55778   0.28351
   0.18823   0.54118   0.27059
   0.16886   0.52457   0.25767
   0.14948   0.50796   0.24475
   0.13010   0.49135   0.23183
   0.11073   0.47474   0.21892
   0.09965   0.45859   0.20923
   0.09135   0.44260   0.20062
   0.08304   0.42660   0.19200
   0.07474   0.41061   0.18339
   0.06644   0.39462   0.17478
   0.05813   0.37862   0.16617
   0.04983   0.36263   0.15755
   0.04152   0.34664   0.14894
   0.03737   0.33864   0.14464
   0.02491   0.31465   0.13172
   0.01661   0.29865   0.12311
   0.00830   0.28266   0.11449
   0.00000   0.26667   0.10588
