   0.96641   0.98737   0.99167
   0.96198   0.98565   0.99068
   0.95755   0.98393   0.98970
   0.95313   0.98221   0.98871
   0.94870   0.98048   0.98773
   0.94427   0.97876   0.98674
   0.93984   0.97704   0.98576
   0.93541   0.97532   0.98478
   0.93098   0.97360   0.98379
   0.92877   0.97273   0.98330
   0.92212   0.97015   0.98182
   0.91991   0.96929   0.98133
   0.91326   0.96671   0.97985
   0.91105   0.96584   0.97936
   0.90441   0.96326   0.97789
   0.90219   0.96240   0.97739
   0.89458   0.95954   0.97384
   0.88843   0.95732   0.96917
   0.88535   0.95622   0.96683
   0.87612   0.95289   0.95982
   0.86997   0.95068   0.95514
   0.86382   0.94847   0.95047
   0.86075   0.94736   0.94813
   0.85152   0.94404   0.94112
   0.84537   0.94182   0.93644
   0.83922   0.93961   0.93177
   0.83614   0.93850   0.92943
   0.82691   0.93518   0.92241
   0.82076   0.93296   0.91774
   0.81461   0.93075   0.91306
   0.81153   0.92964   0.91073
   0.80231   0.92632   0.90371
   0.79216   0.92241   0.89750
   0.77961   0.91749   0.89037
   0.76706   0.91257   0.88323
   0.75451   0.90765   0.87609
   0.74196   0.90273   0.86896
   0.73569   0.90027   0.86539
   0.71686   0.89289   0.85469
   0.70431   0.88797   0.84755
   0.69177   0.88305   0.84042
   0.67922   0.87812   0.83328
   0.66667   0.87320   0.82614
   0.65412   0.86828   0.81901
   0.64157   0.86336   0.81187
   0.63529   0.86090   0.80831
   0.61647   0.85352   0.79760
   0.60392   0.84860   0.79046
   0.59137   0.84334   0.78198
   0.57882   0.83792   0.77287
   0.56628   0.83251   0.76377
   0.55373   0.82710   0.75466
   0.54118   0.82168   0.74556
   0.53490   0.81898   0.74101
   0.51608   0.81086   0.72735
   0.50353   0.80544   0.71825
   0.49098   0.80003   0.70914
   0.47843   0.79462   0.70004
   0.46588   0.78920   0.69093
   0.45333   0.78379   0.68183
   0.44078   0.77838   0.67273
   0.43451   0.77567   0.66817
   0.41569   0.76755   0.65452
   0.40314   0.76214   0.64541
   0.39317   0.75709   0.63465
   0.38407   0.75217   0.62333
   0.37496   0.74725   0.61201
   0.36586   0.74233   0.60069
   0.35675   0.73741   0.58937
   0.34765   0.73249   0.57806
   0.33855   0.72757   0.56674
   0.32944   0.72264   0.55542
   0.32034   0.71772   0.54410
   0.31123   0.71280   0.53278
   0.30213   0.70788   0.52146
   0.29758   0.70542   0.51580
   0.28392   0.69804   0.49882
   0.27482   0.69312   0.48750
   0.26571   0.68820   0.47619
   0.25661   0.68328   0.46487
   0.24890   0.67536   0.45295
   0.24152   0.66674   0.44089
   0.23414   0.65813   0.42884
   0.22676   0.64952   0.41678
   0.21938   0.64091   0.40472
   0.21200   0.63230   0.39266
   0.20461   0.62368   0.38061
   0.19723   0.61507   0.36855
   0.18985   0.60646   0.35649
   0.18247   0.59785   0.34444
   0.17509   0.58924   0.33238
   0.17140   0.58493   0.32635
   0.16032   0.57201   0.30827
   0.15294   0.56340   0.29621
   0.14556   0.55479   0.28415
   0.13818   0.54618   0.27209
   0.12972   0.53864   0.26521
   0.12111   0.53126   0.25905
   0.11249   0.52387   0.25290
   0.10388   0.51649   0.24675
   0.09527   0.50911   0.24060
   0.08666   0.50173   0.23445
   0.07805   0.49435   0.22830
   0.06944   0.48697   0.22215
   0.06082   0.47958   0.21599
   0.05221   0.47220   0.20984
   0.04360   0.46482   0.20369
   0.03929   0.46113   0.20062
   0.02637   0.45006   0.19139
   0.01776   0.44268   0.18524
   0.00915   0.43529   0.17909
   0.00054   0.42791   0.17293
   0.00000   0.41799   0.16863
   0.00000   0.40791   0.16444
   0.00000   0.39782   0.16026
   0.00000   0.38773   0.15608
   0.00000   0.37764   0.15190
   0.00000   0.36755   0.14771
   0.00000   0.35746   0.14353
   0.00000   0.34737   0.13935
   0.00000   0.33729   0.13516
   0.00000   0.32720   0.13098
   0.00000   0.31711   0.12680
   0.00000   0.31207   0.12471
   0.00000   0.29693   0.11843
   0.00000   0.28684   0.11425
   0.00000   0.27676   0.11006
   0.00000   0.26667   0.10588
