   0.99902   0.99963   0.89263
   0.99705   0.99889   0.88180
   0.99508   0.99815   0.87097
   0.99311   0.99742   0.86015
   0.99114   0.99668   0.84932
   0.98917   0.99594   0.83849
   0.98721   0.99520   0.82767
   0.98524   0.99446   0.81684
   0.98327   0.99373   0.80601
   0.98228   0.99336   0.80060
   0.97933   0.99225   0.78436
   0.97835   0.99188   0.77895
   0.97539   0.99077   0.76271
   0.97441   0.99040   0.75729
   0.97146   0.98930   0.74105
   0.97047   0.98893   0.73564
   0.96447   0.98657   0.72245
   0.95709   0.98362   0.71703
   0.95340   0.98215   0.71433
   0.94233   0.97772   0.70621
   0.93495   0.97476   0.70079
   0.92757   0.97181   0.69538
   0.92387   0.97033   0.69267
   0.91280   0.96591   0.68455
   0.90542   0.96295   0.67914
   0.89804   0.96000   0.67373
   0.89435   0.95852   0.67102
   0.88328   0.95410   0.66290
   0.87589   0.95114   0.65749
   0.86851   0.94819   0.65207
   0.86482   0.94671   0.64937
   0.85375   0.94228   0.64125
   0.84421   0.93826   0.63599
   0.83339   0.93358   0.63082
   0.82256   0.92890   0.62565
   0.81173   0.92423   0.62048
   0.80091   0.91955   0.61532
   0.79549   0.91722   0.61273
   0.77925   0.91020   0.60498
   0.76843   0.90553   0.59982
   0.75760   0.90085   0.59465
   0.74677   0.89618   0.58948
   0.73595   0.89150   0.58431
   0.72512   0.88683   0.57915
   0.71430   0.88215   0.57398
   0.70888   0.87981   0.57140
   0.69264   0.87280   0.56365
   0.68182   0.86813   0.55848
   0.66947   0.86278   0.55331
   0.65642   0.85712   0.54814
   0.64338   0.85146   0.54298
   0.63034   0.84580   0.53781
   0.61730   0.84014   0.53264
   0.61078   0.83731   0.53006
   0.59122   0.82882   0.52231
   0.57818   0.82316   0.51714
   0.56514   0.81750   0.51197
   0.55209   0.81184   0.50681
   0.53905   0.80618   0.50164
   0.52601   0.80052   0.49647
   0.51297   0.79486   0.49130
   0.50645   0.79203   0.48872
   0.48689   0.78355   0.48097
   0.47385   0.77789   0.47580
   0.46044   0.77149   0.46934
   0.44690   0.76484   0.46245
   0.43337   0.75820   0.45556
   0.41984   0.75156   0.44867
   0.40630   0.74491   0.44178
   0.39277   0.73827   0.43489
   0.37924   0.73163   0.42801
   0.36571   0.72498   0.42112
   0.35217   0.71834   0.41423
   0.33864   0.71170   0.40734
   0.32511   0.70505   0.40045
   0.31834   0.70173   0.39700
   0.29804   0.69177   0.38667
   0.28451   0.68512   0.37978
   0.27097   0.67848   0.37289
   0.25744   0.67183   0.36600
   0.24890   0.66279   0.35951
   0.24152   0.65320   0.35311
   0.23414   0.64360   0.34671
   0.22676   0.63400   0.34032
   0.21938   0.62441   0.33392
   0.21200   0.61481   0.32752
   0.20461   0.60521   0.32112
   0.19723   0.59562   0.31473
   0.18985   0.58602   0.30833
   0.18247   0.57642   0.30193
   0.17509   0.56683   0.29553
   0.17140   0.56203   0.29233
   0.16032   0.54764   0.28274
   0.15294   0.53804   0.27634
   0.14556   0.52844   0.26994
   0.13818   0.51885   0.26355
   0.12972   0.51162   0.26016
   0.12111   0.50473   0.25721
   0.11249   0.49784   0.25426
   0.10388   0.49095   0.25130
   0.09527   0.48406   0.24835
   0.08666   0.47717   0.24540
   0.07805   0.47028   0.24245
   0.06944   0.46339   0.23949
   0.06082   0.45650   0.23654
   0.05221   0.44961   0.23359
   0.04360   0.44272   0.23063
   0.03929   0.43928   0.22916
   0.02637   0.42894   0.22473
   0.01776   0.42205   0.22178
   0.00915   0.41516   0.21882
   0.00054   0.40827   0.21587
   0.00000   0.39977   0.21246
   0.00000   0.39116   0.20901
   0.00000   0.38254   0.20557
   0.00000   0.37393   0.20212
   0.00000   0.36532   0.19868
   0.00000   0.35671   0.19523
   0.00000   0.34810   0.19179
   0.00000   0.33948   0.18834
   0.00000   0.33087   0.18490
   0.00000   0.32226   0.18145
   0.00000   0.31365   0.17801
   0.00000   0.30934   0.17629
   0.00000   0.29642   0.17112
   0.00000   0.28781   0.16767
   0.00000   0.27920   0.16423
   0.00000   0.27059   0.16078
