   0.00392   0.50196   0.40000
   0.01177   0.50588   0.40000
   0.01961   0.50980   0.40000
   0.02745   0.51372   0.40000
   0.03529   0.51765   0.40000
   0.04314   0.52157   0.40000
   0.05098   0.52549   0.40000
   0.05882   0.52941   0.40000
   0.06667   0.53333   0.40000
   0.07059   0.53529   0.40000
   0.08235   0.54118   0.40000
   0.08627   0.54314   0.40000
   0.09804   0.54902   0.40000
   0.10196   0.55098   0.40000
   0.11372   0.55686   0.40000
   0.11765   0.55882   0.40000
   0.12941   0.56471   0.40000
   0.13725   0.56863   0.40000
   0.14118   0.57059   0.40000
   0.15294   0.57647   0.40000
   0.16078   0.58039   0.40000
   0.16863   0.58431   0.40000
   0.17255   0.58627   0.40000
   0.18431   0.59216   0.40000
   0.19216   0.59608   0.40000
   0.20000   0.60000   0.40000
   0.20392   0.60196   0.40000
   0.21569   0.60784   0.40000
   0.22353   0.61177   0.40000
   0.23137   0.61569   0.40000
   0.23529   0.61765   0.40000
   0.24706   0.62353   0.40000
   0.25490   0.62745   0.40000
   0.26274   0.63137   0.40000
   0.27059   0.63529   0.40000
   0.27843   0.63922   0.40000
   0.28627   0.64314   0.40000
   0.29020   0.64510   0.40000
   0.30196   0.65098   0.40000
   0.30980   0.65490   0.40000
   0.31765   0.65882   0.40000
   0.32549   0.66274   0.40000
   0.33333   0.66667   0.40000
   0.34118   0.67059   0.40000
   0.34902   0.67451   0.40000
   0.35294   0.67647   0.40000
   0.36471   0.68235   0.40000
   0.37255   0.68628   0.40000
   0.38039   0.69020   0.40000
   0.38824   0.69412   0.40000
   0.39608   0.69804   0.40000
   0.40392   0.70196   0.40000
   0.41177   0.70588   0.40000
   0.41569   0.70784   0.40000
   0.42745   0.71372   0.40000
   0.43529   0.71765   0.40000
   0.44314   0.72157   0.40000
   0.45098   0.72549   0.40000
   0.45882   0.72941   0.40000
   0.46667   0.73333   0.40000
   0.47451   0.73725   0.40000
   0.47843   0.73922   0.40000
   0.49020   0.74510   0.40000
   0.49804   0.74902   0.40000
   0.50588   0.75294   0.40000
   0.51372   0.75686   0.40000
   0.52157   0.76078   0.40000
   0.52941   0.76471   0.40000
   0.53725   0.76863   0.40000
   0.54510   0.77255   0.40000
   0.55294   0.77647   0.40000
   0.56078   0.78039   0.40000
   0.56863   0.78431   0.40000
   0.57647   0.78824   0.40000
   0.58431   0.79216   0.40000
   0.58824   0.79412   0.40000
   0.60000   0.80000   0.40000
   0.60784   0.80392   0.40000
   0.61569   0.80784   0.40000
   0.62353   0.81177   0.40000
   0.63137   0.81569   0.40000
   0.63922   0.81961   0.40000
   0.64706   0.82353   0.40000
   0.65490   0.82745   0.40000
   0.66274   0.83137   0.40000
   0.67059   0.83529   0.40000
   0.67843   0.83922   0.40000
   0.68628   0.84314   0.40000
   0.69412   0.84706   0.40000
   0.70196   0.85098   0.40000
   0.70980   0.85490   0.40000
   0.71372   0.85686   0.40000
   0.72549   0.86274   0.40000
   0.73333   0.86667   0.40000
   0.74118   0.87059   0.40000
   0.74902   0.87451   0.40000
   0.75686   0.87843   0.40000
   0.76471   0.88235   0.40000
   0.77255   0.88627   0.40000
   0.78039   0.89020   0.40000
   0.78824   0.89412   0.40000
   0.79608   0.89804   0.40000
   0.80392   0.90196   0.40000
   0.81177   0.90588   0.40000
   0.81961   0.90980   0.40000
   0.82745   0.91373   0.40000
   0.83529   0.91765   0.40000
   0.83922   0.91961   0.40000
   0.85098   0.92549   0.40000
   0.85882   0.92941   0.40000
   0.86667   0.93333   0.40000
   0.87451   0.93726   0.40000
   0.88235   0.94118   0.40000
   0.89020   0.94510   0.40000
   0.89804   0.94902   0.40000
   0.90588   0.95294   0.40000
   0.91373   0.95686   0.40000
   0.92157   0.96078   0.40000
   0.92941   0.96471   0.40000
   0.93726   0.96863   0.40000
   0.94510   0.97255   0.40000
   0.95294   0.97647   0.40000
   0.96078   0.98039   0.40000
   0.96471   0.98235   0.40000
   0.97647   0.98823   0.40000
   0.98431   0.99216   0.40000
   0.99216   0.99608   0.40000
   1.00000   1.00000   0.40000
