   0.99608   0.99608   0.99608
   0.98823   0.98823   0.98823
   0.98039   0.98039   0.98039
   0.97255   0.97255   0.97255
   0.96471   0.96471   0.96471
   0.95686   0.95686   0.95686
   0.94902   0.94902   0.94902
   0.94118   0.94118   0.94118
   0.93333   0.93333   0.93333
   0.92941   0.92941   0.92941
   0.91765   0.91765   0.91765
   0.91373   0.91373   0.91373
   0.90196   0.90196   0.90196
   0.89804   0.89804   0.89804
   0.88627   0.88627   0.88627
   0.88235   0.88235   0.88235
   0.87059   0.87059   0.87059
   0.86274   0.86274   0.86274
   0.85882   0.85882   0.85882
   0.84706   0.84706   0.84706
   0.83922   0.83922   0.83922
   0.83137   0.83137   0.83137
   0.82745   0.82745   0.82745
   0.81569   0.81569   0.81569
   0.80784   0.80784   0.80784
   0.80000   0.80000   0.80000
   0.79608   0.79608   0.79608
   0.78431   0.78431   0.78431
   0.77647   0.77647   0.77647
   0.76863   0.76863   0.76863
   0.76471   0.76471   0.76471
   0.75294   0.75294   0.75294
   0.74510   0.74510   0.74510
   0.73725   0.73725   0.73725
   0.72941   0.72941   0.72941
   0.72157   0.72157   0.72157
   0.71372   0.71372   0.71372
   0.70980   0.70980   0.70980
   0.69804   0.69804   0.69804
   0.69020   0.69020   0.69020
   0.68235   0.68235   0.68235
   0.67451   0.67451   0.67451
   0.66667   0.66667   0.66667
   0.65882   0.65882   0.65882
   0.65098   0.65098   0.65098
   0.64706   0.64706   0.64706
   0.63529   0.63529   0.63529
   0.62745   0.62745   0.62745
   0.61961   0.61961   0.61961
   0.61177   0.61177   0.61177
   0.60392   0.60392   0.60392
   0.59608   0.59608   0.59608
   0.58824   0.58824   0.58824
   0.58431   0.58431   0.58431
   0.57255   0.57255   0.57255
   0.56471   0.56471   0.56471
   0.55686   0.55686   0.55686
   0.54902   0.54902   0.54902
   0.54118   0.54118   0.54118
   0.53333   0.53333   0.53333
   0.52549   0.52549   0.52549
   0.52157   0.52157   0.52157
   0.50980   0.50980   0.50980
   0.50196   0.50196   0.50196
   0.49412   0.49412   0.49412
   0.48627   0.48627   0.48627
   0.47843   0.47843   0.47843
   0.47059   0.47059   0.47059
   0.46275   0.46275   0.46275
   0.45490   0.45490   0.45490
   0.44706   0.44706   0.44706
   0.43922   0.43922   0.43922
   0.43137   0.43137   0.43137
   0.42353   0.42353   0.42353
   0.41569   0.41569   0.41569
   0.41177   0.41177   0.41177
   0.40000   0.40000   0.40000
   0.39216   0.39216   0.39216
   0.38431   0.38431   0.38431
   0.37647   0.37647   0.37647
   0.36863   0.36863   0.36863
   0.36078   0.36078   0.36078
   0.35294   0.35294   0.35294
   0.34510   0.34510   0.34510
   0.33726   0.33726   0.33726
   0.32941   0.32941   0.32941
   0.32157   0.32157   0.32157
   0.31372   0.31372   0.31372
   0.30588   0.30588   0.30588
   0.29804   0.29804   0.29804
   0.29020   0.29020   0.29020
   0.28627   0.28627   0.28627
   0.27451   0.27451   0.27451
   0.26667   0.26667   0.26667
   0.25882   0.25882   0.25882
   0.25098   0.25098   0.25098
   0.24314   0.24314   0.24314
   0.23529   0.23529   0.23529
   0.22745   0.22745   0.22745
   0.21961   0.21961   0.21961
   0.21177   0.21177   0.21177
   0.20392   0.20392   0.20392
   0.19608   0.19608   0.19608
   0.18823   0.18823   0.18823
   0.18039   0.18039   0.18039
   0.17255   0.17255   0.17255
   0.16471   0.16471   0.16471
   0.16078   0.16078   0.16078
   0.14902   0.14902   0.14902
   0.14118   0.14118   0.14118
   0.13333   0.13333   0.13333
   0.12549   0.12549   0.12549
   0.11765   0.11765   0.11765
   0.10980   0.10980   0.10980
   0.10196   0.10196   0.10196
   0.09412   0.09412   0.09412
   0.08627   0.08627   0.08627
   0.07843   0.07843   0.07843
   0.07059   0.07059   0.07059
   0.06274   0.06274   0.06274
   0.05490   0.05490   0.05490
   0.04706   0.04706   0.04706
   0.03922   0.03922   0.03922
   0.03529   0.03529   0.03529
   0.02353   0.02353   0.02353
   0.01569   0.01569   0.01569
   0.00784   0.00784   0.00784
   0.00000   0.00000   0.00000
