   0.99040   0.95239   0.95239
   0.97121   0.85716   0.85716
   0.95202   0.76194   0.76194
   0.93283   0.66671   0.66671
   0.91363   0.57149   0.57149
   0.89458   0.48789   0.48789
   0.87612   0.45467   0.45467
   0.85767   0.42145   0.42145
   0.83922   0.38824   0.38824
   0.82999   0.37163   0.37163
   0.80231   0.32180   0.32180
   0.79280   0.30740   0.30740
   0.76401   0.26644   0.26644
   0.75442   0.25278   0.25278
   0.72563   0.21181   0.21181
   0.71603   0.19816   0.19816
   0.68766   0.16051   0.16051
   0.66920   0.13910   0.13910
   0.65998   0.12840   0.12840
   0.63230   0.09629   0.09629
   0.61384   0.07488   0.07488
   0.61882   0.09592   0.08890
   0.65647   0.17010   0.14907
   0.76941   0.39266   0.32955
   0.84471   0.54104   0.44987
   0.92000   0.68941   0.57020
   0.95765   0.76360   0.63036
   0.98201   0.82007   0.66205
   0.96281   0.79128   0.62367
   0.94362   0.76249   0.58528
   0.93402   0.74810   0.56609
   0.90524   0.70491   0.50851
   0.88651   0.67797   0.47336
   0.86805   0.65213   0.44014
   0.84960   0.62630   0.40692
   0.83114   0.60046   0.37370
   0.81269   0.57463   0.34048
   0.80346   0.56171   0.32388
   0.77481   0.52683   0.28180
   0.75562   0.50394   0.25449
   0.73642   0.48106   0.22717
   0.71723   0.45818   0.19986
   0.69804   0.43529   0.17255
   0.67958   0.41536   0.15114
   0.66113   0.39543   0.12973
   0.65190   0.38547   0.11903
   0.62422   0.35557   0.08692
   0.60577   0.33564   0.06551
   0.63857   0.41619   0.14155
   0.69467   0.54242   0.26187
   0.75077   0.66865   0.38219
   0.80687   0.79488   0.50251
   0.86298   0.92111   0.62284
   0.89103   0.98422   0.68300
   0.86353   0.97361   0.64526
   0.83843   0.95442   0.60687
   0.81333   0.93523   0.56849
   0.78824   0.91603   0.53010
   0.76323   0.89689   0.49204
   0.73961   0.87843   0.45882
   0.71599   0.85998   0.42561
   0.70417   0.85075   0.40900
   0.66874   0.82307   0.35917
   0.64512   0.80461   0.32595
   0.62261   0.78561   0.29716
   0.60046   0.76641   0.26985
   0.57832   0.74722   0.24254
   0.55617   0.72803   0.21522
   0.53403   0.70884   0.18791
   0.51317   0.68997   0.16318
   0.49398   0.67151   0.14178
   0.47479   0.65306   0.12037
   0.45559   0.63460   0.09896
   0.43640   0.61615   0.07756
   0.42616   0.60701   0.08097
   0.45236   0.63506   0.16955
   0.53098   0.71922   0.43529
   0.58339   0.77532   0.61246
   0.63580   0.83142   0.78962
   0.68821   0.88752   0.96678
   0.66685   0.87765   0.98441
   0.62847   0.85255   0.96521
   0.59008   0.82745   0.94602
   0.55170   0.80235   0.92683
   0.51331   0.77725   0.90764
   0.47751   0.75289   0.88881
   0.44429   0.72927   0.87036
   0.41107   0.70565   0.85190
   0.37786   0.68203   0.83345
   0.34464   0.65841   0.81499
   0.31253   0.63506   0.79640
   0.29887   0.62399   0.78680
   0.25790   0.59077   0.75802
   0.23059   0.56863   0.73882
   0.20328   0.54648   0.71963
   0.17596   0.52434   0.70044
   0.15382   0.50477   0.68189
   0.13241   0.48558   0.66344
   0.11100   0.46639   0.64498
   0.08960   0.44720   0.62653
   0.06819   0.42801   0.60807
   0.13190   0.44909   0.64235
   0.26182   0.50150   0.71765
   0.39174   0.55391   0.79294
   0.52166   0.60632   0.86823
   0.65158   0.65873   0.94353
   0.74016   0.68844   0.99520
   0.72245   0.66925   0.98561
   0.66930   0.61167   0.95682
   0.63386   0.57329   0.93762
   0.59843   0.53490   0.91843
   0.56300   0.49652   0.89924
   0.53172   0.46298   0.88074
   0.50072   0.42976   0.86228
   0.46971   0.39654   0.84383
   0.43871   0.36332   0.82538
   0.40771   0.33010   0.80692
   0.37993   0.30058   0.78800
   0.35410   0.27326   0.76881
   0.32826   0.24595   0.74962
   0.30242   0.21864   0.73043
   0.27659   0.19133   0.71123
   0.25236   0.16586   0.69227
   0.24203   0.15516   0.68305
   0.21103   0.12304   0.65536
   0.19036   0.10164   0.63691
   0.16969   0.08023   0.61845
   0.14902   0.05882   0.60000
