   1.00000   0.99902   0.89299
   1.00000   0.99705   0.88291
   1.00000   0.99508   0.87282
   1.00000   0.99311   0.86273
   1.00000   0.99114   0.85264
   1.00000   0.98917   0.84255
   1.00000   0.98721   0.83246
   1.00000   0.98524   0.82238
   1.00000   0.98327   0.81229
   1.00000   0.98228   0.80724
   1.00000   0.97933   0.79211
   1.00000   0.97835   0.78707
   1.00000   0.97539   0.77193
   1.00000   0.97441   0.76689
   1.00000   0.97146   0.75176
   1.00000   0.97047   0.74671
   0.99986   0.96586   0.73130
   0.99962   0.96094   0.72072
   0.99949   0.95848   0.71543
   0.99912   0.95110   0.69956
   0.99888   0.94617   0.68898
   0.99863   0.94125   0.67840
   0.99851   0.93879   0.67311
   0.99814   0.93141   0.65724
   0.99789   0.92649   0.64666
   0.99765   0.92157   0.63608
   0.99752   0.91911   0.63079
   0.99716   0.91173   0.61492
   0.99691   0.90680   0.60434
   0.99666   0.90188   0.59376
   0.99654   0.89942   0.58847
   0.99617   0.89204   0.57260
   0.99608   0.88543   0.55848
   0.99608   0.87780   0.54224
   0.99608   0.87017   0.52600
   0.99608   0.86255   0.50976
   0.99608   0.85492   0.49352
   0.99608   0.85110   0.48540
   0.99608   0.83966   0.46104
   0.99608   0.83203   0.44480
   0.99608   0.82441   0.42856
   0.99608   0.81678   0.41232
   0.99608   0.80915   0.39608
   0.99608   0.80152   0.37984
   0.99608   0.79390   0.36360
   0.99608   0.79008   0.35548
   0.99608   0.77864   0.33112
   0.99608   0.77101   0.31488
   0.99608   0.76135   0.30338
   0.99608   0.75077   0.29403
   0.99608   0.74019   0.28468
   0.99608   0.72961   0.27533
   0.99608   0.71903   0.26597
   0.99608   0.71374   0.26130
   0.99608   0.69787   0.24727
   0.99608   0.68729   0.23792
   0.99608   0.67671   0.22857
   0.99608   0.66613   0.21922
   0.99608   0.65555   0.20987
   0.99608   0.64497   0.20052
   0.99608   0.63439   0.19117
   0.99608   0.62910   0.18650
   0.99608   0.61323   0.17247
   0.99608   0.60264   0.16312
   0.99276   0.59243   0.15691
   0.98833   0.58235   0.15174
   0.98390   0.57226   0.14657
   0.97947   0.56217   0.14141
   0.97504   0.55208   0.13624
   0.97061   0.54199   0.13107
   0.96618   0.53190   0.12591
   0.96175   0.52182   0.12074
   0.95732   0.51173   0.11557
   0.95289   0.50164   0.11040
   0.94847   0.49155   0.10524
   0.94625   0.48651   0.10265
   0.93961   0.47137   0.09490
   0.93518   0.46128   0.08974
   0.93075   0.45120   0.08457
   0.92632   0.44111   0.07940
   0.91909   0.43202   0.07483
   0.91122   0.42316   0.07040
   0.90334   0.41430   0.06598
   0.89547   0.40544   0.06155
   0.88760   0.39659   0.05712
   0.87972   0.38773   0.05269
   0.87185   0.37887   0.04826
   0.86397   0.37001   0.04383
   0.85610   0.36115   0.03940
   0.84823   0.35230   0.03497
   0.84035   0.34344   0.03054
   0.83642   0.33901   0.02833
   0.82461   0.32572   0.02168
   0.81673   0.31686   0.01726
   0.80886   0.30801   0.01283
   0.80098   0.29915   0.00840
   0.78902   0.29287   0.00827
   0.77647   0.28697   0.00877
   0.76392   0.28106   0.00926
   0.75137   0.27516   0.00975
   0.73882   0.26925   0.01024
   0.72628   0.26335   0.01073
   0.71373   0.25744   0.01123
   0.70118   0.25153   0.01172
   0.68863   0.24563   0.01221
   0.67608   0.23972   0.01270
   0.66353   0.23382   0.01319
   0.65725   0.23087   0.01344
   0.63843   0.22201   0.01418
   0.62588   0.21610   0.01467
   0.61333   0.21020   0.01516
   0.60078   0.20429   0.01566
   0.58824   0.20046   0.01615
   0.57569   0.19677   0.01664
   0.56314   0.19308   0.01713
   0.55059   0.18939   0.01762
   0.53804   0.18570   0.01812
   0.52549   0.18201   0.01861
   0.51294   0.17832   0.01910
   0.50039   0.17462   0.01959
   0.48784   0.17093   0.02008
   0.47529   0.16724   0.02058
   0.46275   0.16355   0.02107
   0.45647   0.16171   0.02131
   0.43765   0.15617   0.02205
   0.42510   0.15248   0.02255
   0.41255   0.14879   0.02304
   0.40000   0.14510   0.02353
