   0.96555   0.98234   0.99902
   0.95940   0.97841   0.99705
   0.95325   0.97447   0.99508
   0.94710   0.97053   0.99311
   0.94095   0.96660   0.99114
   0.93479   0.96266   0.98917
   0.92864   0.95872   0.98721
   0.92249   0.95479   0.98524
   0.91634   0.95085   0.98327
   0.91326   0.94888   0.98228
   0.90404   0.94298   0.97933
   0.90096   0.94101   0.97835
   0.89173   0.93510   0.97539
   0.88866   0.93313   0.97441
   0.87943   0.92723   0.97146
   0.87635   0.92526   0.97047
   0.86727   0.91935   0.96752
   0.86136   0.91542   0.96555
   0.85841   0.91345   0.96457
   0.84955   0.90754   0.96162
   0.84364   0.90361   0.95965
   0.83774   0.89967   0.95768
   0.83479   0.89770   0.95669
   0.82593   0.89179   0.95374
   0.82002   0.88786   0.95177
   0.81412   0.88392   0.94980
   0.81116   0.88195   0.94882
   0.80231   0.87605   0.94587
   0.79640   0.87211   0.94390
   0.79050   0.86817   0.94193
   0.78754   0.86620   0.94095
   0.77868   0.86030   0.93799
   0.77032   0.85621   0.93510
   0.76048   0.85203   0.93166
   0.75063   0.84784   0.92821
   0.74079   0.84366   0.92477
   0.73095   0.83948   0.92132
   0.72603   0.83739   0.91960
   0.71127   0.83111   0.91443
   0.70142   0.82693   0.91099
   0.69158   0.82275   0.90754
   0.68174   0.81856   0.90410
   0.67190   0.81438   0.90065
   0.66205   0.81020   0.89721
   0.65221   0.80601   0.89376
   0.64729   0.80392   0.89204
   0.63253   0.79765   0.88687
   0.62268   0.79346   0.88343
   0.61098   0.78742   0.88049
   0.59843   0.78053   0.87779
   0.58588   0.77364   0.87508
   0.57333   0.76675   0.87237
   0.56078   0.75986   0.86967
   0.55451   0.75642   0.86831
   0.53569   0.74608   0.86425
   0.52314   0.73919   0.86155
   0.51059   0.73230   0.85884
   0.49804   0.72541   0.85613
   0.48549   0.71852   0.85343
   0.47294   0.71163   0.85072
   0.46039   0.70474   0.84801
   0.45412   0.70130   0.84666
   0.43529   0.69096   0.84260
   0.42274   0.68407   0.83989
   0.41204   0.67719   0.83626
   0.40195   0.67030   0.83233
   0.39186   0.66341   0.82839
   0.38178   0.65652   0.82445
   0.37169   0.64963   0.82051
   0.36160   0.64274   0.81658
   0.35151   0.63585   0.81264
   0.34142   0.62896   0.80870
   0.33133   0.62207   0.80477
   0.32125   0.61518   0.80083
   0.31116   0.60829   0.79689
   0.30611   0.60484   0.79492
   0.29098   0.59451   0.78902
   0.28089   0.58762   0.78508
   0.27080   0.58073   0.78115
   0.26072   0.57384   0.77721
   0.25223   0.56595   0.77307
   0.24411   0.55783   0.76889
   0.23599   0.54971   0.76471
   0.22787   0.54159   0.76052
   0.21975   0.53347   0.75634
   0.21163   0.52535   0.75216
   0.20351   0.51723   0.74797
   0.19539   0.50911   0.74379
   0.18727   0.50099   0.73961
   0.17915   0.49287   0.73542
   0.17103   0.48475   0.73124
   0.16697   0.48069   0.72915
   0.15479   0.46851   0.72288
   0.14667   0.46039   0.71869
   0.13855   0.45227   0.71451
   0.13043   0.44415   0.71033
   0.12403   0.43625   0.70442
   0.11788   0.42837   0.69827
   0.11173   0.42050   0.69212
   0.10558   0.41263   0.68597
   0.09942   0.40475   0.67981
   0.09327   0.39688   0.67366
   0.08712   0.38900   0.66751
   0.08097   0.38113   0.66136
   0.07482   0.37326   0.65521
   0.06867   0.36538   0.64906
   0.06251   0.35751   0.64291
   0.05944   0.35357   0.63983
   0.05021   0.34176   0.63060
   0.04406   0.33389   0.62445
   0.03791   0.32601   0.61830
   0.03176   0.31814   0.61215
   0.03137   0.31003   0.60046
   0.03137   0.30191   0.58840
   0.03137   0.29379   0.57635
   0.03137   0.28567   0.56429
   0.03137   0.27755   0.55223
   0.03137   0.26943   0.54018
   0.03137   0.26131   0.52812
   0.03137   0.25319   0.51606
   0.03137   0.24508   0.50401
   0.03137   0.23696   0.49195
   0.03137   0.22884   0.47989
   0.03137   0.22478   0.47386
   0.03137   0.21260   0.45578
   0.03137   0.20448   0.44372
   0.03137   0.19636   0.43167
   0.03137   0.18823   0.41961
