   1.00000   0.00000   0.13908
   1.00000   0.00000   0.09725
   1.00000   0.00000   0.05542
   1.00000   0.00000   0.01359
   1.00000   0.02862   0.00000
   1.00000   0.07101   0.00000
   1.00000   0.11341   0.00000
   1.00000   0.15580   0.00000
   1.00000   0.19820   0.00000
   1.00000   0.21940   0.00000
   1.00000   0.28299   0.00000
   1.00000   0.30419   0.00000
   1.00000   0.36778   0.00000
   1.00000   0.38898   0.00000
   1.00000   0.45257   0.00000
   1.00000   0.47377   0.00000
   1.00000   0.53736   0.00000
   1.00000   0.57976   0.00000
   1.00000   0.60095   0.00000
   1.00000   0.66455   0.00000
   1.00000   0.70694   0.00000
   1.00000   0.74934   0.00000
   1.00000   0.77053   0.00000
   1.00000   0.83413   0.00000
   1.00000   0.87652   0.00000
   1.00000   0.91892   0.00000
   1.00000   0.94012   0.00000
   0.99629   1.00000   0.00000
   0.95389   1.00000   0.00000
   0.91150   1.00000   0.00000
   0.89030   1.00000   0.00000
   0.82671   1.00000   0.00000
   0.78431   1.00000   0.00000
   0.74192   1.00000   0.00000
   0.69952   1.00000   0.00000
   0.65713   1.00000   0.00000
   0.61473   1.00000   0.00000
   0.59354   1.00000   0.00000
   0.52994   1.00000   0.00000
   0.48755   1.00000   0.00000
   0.44515   1.00000   0.00000
   0.40276   1.00000   0.00000
   0.36036   1.00000   0.00000
   0.31797   1.00000   0.00000
   0.27557   1.00000   0.00000
   0.25437   1.00000   0.00000
   0.19078   1.00000   0.00000
   0.14838   1.00000   0.00000
   0.10599   1.00000   0.00000
   0.06359   1.00000   0.00000
   0.02120   1.00000   0.00000
   0.00000   1.00000   0.02108
   0.00000   1.00000   0.06325
   0.00000   1.00000   0.08433
   0.00000   1.00000   0.14759
   0.00000   1.00000   0.18975
   0.00000   1.00000   0.23192
   0.00000   1.00000   0.27409
   0.00000   1.00000   0.31626
   0.00000   1.00000   0.35842
   0.00000   1.00000   0.40059
   0.00000   1.00000   0.42167
   0.00000   1.00000   0.48493
   0.00000   1.00000   0.52709
   0.00000   1.00000   0.56926
   0.00000   1.00000   0.61143
   0.00000   1.00000   0.65359
   0.00000   1.00000   0.69576
   0.00000   1.00000   0.73793
   0.00000   1.00000   0.78010
   0.00000   1.00000   0.82226
   0.00000   1.00000   0.86443
   0.00000   1.00000   0.90660
   0.00000   1.00000   0.94877
   0.00000   1.00000   0.99093
   0.00000   0.98785   1.00000
   0.00000   0.92391   1.00000
   0.00000   0.88129   1.00000
   0.00000   0.83866   1.00000
   0.00000   0.79604   1.00000
   0.00000   0.75341   1.00000
   0.00000   0.71078   1.00000
   0.00000   0.66816   1.00000
   0.00000   0.62553   1.00000
   0.00000   0.58291   1.00000
   0.00000   0.54028   1.00000
   0.00000   0.49766   1.00000
   0.00000   0.45503   1.00000
   0.00000   0.41240   1.00000
   0.00000   0.36978   1.00000
   0.00000   0.32715   1.00000
   0.00000   0.30584   1.00000
   0.00000   0.24190   1.00000
   0.00000   0.19928   1.00000
   0.00000   0.15665   1.00000
   0.00000   0.11402   1.00000
   0.00000   0.07140   1.00000
   0.00000   0.02877   1.00000
   0.01385   0.00000   1.00000
   0.05648   0.00000   1.00000
   0.09911   0.00000   1.00000
   0.14173   0.00000   1.00000
   0.18436   0.00000   1.00000
   0.22698   0.00000   1.00000
   0.26961   0.00000   1.00000
   0.31223   0.00000   1.00000
   0.35486   0.00000   1.00000
   0.37617   0.00000   1.00000
   0.44011   0.00000   1.00000
   0.48274   0.00000   1.00000
   0.52536   0.00000   1.00000
   0.56799   0.00000   1.00000
   0.61061   0.00000   1.00000
   0.65324   0.00000   1.00000
   0.69586   0.00000   1.00000
   0.73849   0.00000   1.00000
   0.78112   0.00000   1.00000
   0.82374   0.00000   1.00000
   0.86637   0.00000   1.00000
   0.90899   0.00000   1.00000
   0.95162   0.00000   1.00000
   0.99425   0.00000   1.00000
   1.00000   0.00000   0.96313
   1.00000   0.00000   0.94182
   1.00000   0.00000   0.87788
   1.00000   0.00000   0.83525
   1.00000   0.00000   0.79263
   1.00000   0.00000   0.75000
