   0.99988   0.96678   0.92106
   0.99963   0.96309   0.91220
   0.99938   0.95940   0.90334
   0.99914   0.95571   0.89449
   0.99889   0.95202   0.88563
   0.99865   0.94833   0.87677
   0.99840   0.94464   0.86791
   0.99815   0.94095   0.85905
   0.99791   0.93726   0.85020
   0.99778   0.93541   0.84577
   0.99742   0.92987   0.83248
   0.99729   0.92803   0.82805
   0.99692   0.92249   0.81476
   0.99680   0.92065   0.81033
   0.99643   0.91511   0.79705
   0.99631   0.91326   0.79262
   0.99594   0.90704   0.77850
   0.99569   0.90211   0.76817
   0.99557   0.89965   0.76300
   0.99520   0.89227   0.74750
   0.99496   0.88735   0.73716
   0.99471   0.88243   0.72683
   0.99459   0.87997   0.72166
   0.99422   0.87259   0.70616
   0.99397   0.86767   0.69582
   0.99373   0.86274   0.68549
   0.99360   0.86028   0.68032
   0.99323   0.85290   0.66482
   0.99299   0.84798   0.65449
   0.99274   0.84306   0.64415
   0.99262   0.84060   0.63898
   0.99225   0.83322   0.62348
   0.99216   0.82753   0.61561
   0.99216   0.82138   0.60921
   0.99216   0.81523   0.60281
   0.99216   0.80907   0.59642
   0.99216   0.80292   0.59002
   0.99216   0.79985   0.58682
   0.99216   0.79062   0.57722
   0.99216   0.78447   0.57083
   0.99216   0.77832   0.56443
   0.99216   0.77217   0.55803
   0.99216   0.76601   0.55163
   0.99216   0.75986   0.54524
   0.99216   0.75371   0.53884
   0.99216   0.75063   0.53564
   0.99216   0.74141   0.52604
   0.99216   0.73526   0.51965
   0.99199   0.72555   0.51037
   0.99174   0.71423   0.49979
   0.99150   0.70291   0.48921
   0.99125   0.69160   0.47863
   0.99100   0.68028   0.46805
   0.99088   0.67462   0.46276
   0.99051   0.65764   0.44689
   0.99027   0.64632   0.43631
   0.99002   0.63500   0.42573
   0.98977   0.62368   0.41515
   0.98953   0.61236   0.40457
   0.98928   0.60105   0.39399
   0.98904   0.58973   0.38341
   0.98891   0.58407   0.37812
   0.98854   0.56709   0.36224
   0.98830   0.55577   0.35166
   0.98584   0.54556   0.34588
   0.98264   0.53572   0.34170
   0.97944   0.52587   0.33752
   0.97624   0.51603   0.33333
   0.97304   0.50619   0.32915
   0.96984   0.49635   0.32497
   0.96664   0.48651   0.32078
   0.96345   0.47666   0.31660
   0.96025   0.46682   0.31242
   0.95705   0.45698   0.30823
   0.95385   0.44714   0.30405
   0.95225   0.44221   0.30196
   0.94745   0.42745   0.29569
   0.94425   0.41761   0.29150
   0.94105   0.40777   0.28732
   0.93786   0.39792   0.28314
   0.93246   0.38548   0.27416
   0.92655   0.37244   0.26407
   0.92065   0.35940   0.25398
   0.91474   0.34636   0.24389
   0.90883   0.33332   0.23380
   0.90293   0.32028   0.22371
   0.89702   0.30724   0.21363
   0.89112   0.29419   0.20354
   0.88521   0.28115   0.19345
   0.87931   0.26811   0.18336
   0.87340   0.25507   0.17327
   0.87045   0.24855   0.16823
   0.86159   0.22899   0.15310
   0.85569   0.21595   0.14301
   0.84978   0.20291   0.13292
   0.84387   0.18986   0.12283
   0.83539   0.17790   0.11489
   0.82653   0.16609   0.10727
   0.81767   0.15428   0.09964
   0.80881   0.14247   0.09201
   0.79995   0.13066   0.08438
   0.79110   0.11885   0.07676
   0.78224   0.10704   0.06913
   0.77338   0.09522   0.06150
   0.76452   0.08341   0.05387
   0.75566   0.07160   0.04624
   0.74681   0.05979   0.03862
   0.74238   0.05389   0.03480
   0.72909   0.03617   0.02336
   0.72023   0.02436   0.01573
   0.71137   0.01255   0.00810
   0.70251   0.00074   0.00048
   0.68997   0.00000   0.00000
   0.67717   0.00000   0.00000
   0.66438   0.00000   0.00000
   0.65158   0.00000   0.00000
   0.63879   0.00000   0.00000
   0.62599   0.00000   0.00000
   0.61320   0.00000   0.00000
   0.60040   0.00000   0.00000
   0.58760   0.00000   0.00000
   0.57481   0.00000   0.00000
   0.56201   0.00000   0.00000
   0.55562   0.00000   0.00000
   0.53642   0.00000   0.00000
   0.52363   0.00000   0.00000
   0.51083   0.00000   0.00000
   0.49804   0.00000   0.00000
