   0.41615   0.75508   0.63985
   0.44844   0.74367   0.62542
   0.48074   0.73226   0.61100
   0.51303   0.72085   0.59657
   0.54533   0.70943   0.58214
   0.57762   0.69802   0.56772
   0.60992   0.68661   0.55330
   0.64222   0.67520   0.53887
   0.67451   0.66379   0.52444
   0.69066   0.65808   0.51723
   0.73910   0.64097   0.49559
   0.75525   0.63526   0.48838
   0.80369   0.61815   0.46674
   0.81984   0.61244   0.45953
   0.86828   0.59532   0.43789
   0.88443   0.58962   0.43068
   0.93287   0.57250   0.40904
   0.96517   0.56109   0.39462
   0.98132   0.55539   0.38741
   0.95751   0.55820   0.41338
   0.93361   0.56229   0.43599
   0.90971   0.56638   0.45859
   0.89776   0.56843   0.46990
   0.86191   0.57456   0.50381
   0.83802   0.57865   0.52641
   0.81412   0.58275   0.54902
   0.80217   0.58479   0.56032
   0.76632   0.59093   0.59423
   0.74242   0.59502   0.61684
   0.71852   0.59911   0.63945
   0.70657   0.60115   0.65075
   0.67073   0.60729   0.68466
   0.64683   0.61138   0.70727
   0.62293   0.61547   0.72987
   0.59903   0.61956   0.75248
   0.57513   0.62365   0.77509
   0.55432   0.62711   0.79596
   0.56401   0.62474   0.79509
   0.59308   0.61764   0.79251
   0.61246   0.61290   0.79079
   0.63183   0.60817   0.78907
   0.65121   0.60343   0.78734
   0.67059   0.59869   0.78562
   0.68997   0.59396   0.78390
   0.70934   0.58922   0.78218
   0.71903   0.58685   0.78132
   0.74810   0.57975   0.77873
   0.76747   0.57501   0.77701
   0.78685   0.57027   0.77529
   0.80623   0.56554   0.77356
   0.82561   0.56080   0.77184
   0.84498   0.55606   0.77012
   0.86436   0.55133   0.76840
   0.87405   0.54896   0.76754
   0.90311   0.54185   0.76495
   0.89389   0.55557   0.74422
   0.87989   0.57236   0.72032
   0.86590   0.58916   0.69642
   0.85190   0.60595   0.67253
   0.83791   0.62274   0.64863
   0.82391   0.63954   0.62473
   0.81692   0.64793   0.61278
   0.79593   0.67313   0.57693
   0.78193   0.68992   0.55303
   0.76793   0.70671   0.52913
   0.75394   0.72351   0.50524
   0.73995   0.74030   0.48134
   0.72595   0.75709   0.45744
   0.71196   0.77389   0.43354
   0.69796   0.79068   0.40964
   0.68397   0.80747   0.38574
   0.66997   0.82427   0.36184
   0.65598   0.84106   0.33795
   0.66330   0.84720   0.32429
   0.68246   0.84741   0.31633
   0.69204   0.84752   0.31234
   0.72078   0.84784   0.30039
   0.73995   0.84806   0.29243
   0.75911   0.84827   0.28446
   0.77827   0.84849   0.27649
   0.79743   0.84870   0.26853
   0.81659   0.84892   0.26056
   0.83575   0.84913   0.25260
   0.85492   0.84935   0.24463
   0.87408   0.84957   0.23666
   0.89324   0.84978   0.22870
   0.91240   0.85000   0.22073
   0.93156   0.85021   0.21276
   0.95073   0.85043   0.20480
   0.96989   0.85064   0.19683
   0.98905   0.85086   0.18887
   0.99863   0.85097   0.18488
   0.99200   0.84452   0.21538
   0.98641   0.84000   0.23712
   0.98081   0.83548   0.25887
   0.97521   0.83096   0.28062
   0.96961   0.82644   0.30236
   0.96401   0.82191   0.32411
   0.95842   0.81739   0.34585
   0.95282   0.81287   0.36760
   0.94722   0.80835   0.38934
   0.94162   0.80383   0.41109
   0.93603   0.79931   0.43283
   0.93043   0.79479   0.45458
   0.92483   0.79027   0.47633
   0.91923   0.78574   0.49807
   0.91363   0.78122   0.51982
   0.91083   0.77896   0.53069
   0.90244   0.77218   0.56331
   0.89573   0.76784   0.58182
   0.88497   0.76418   0.58850
   0.87420   0.76052   0.59517
   0.86344   0.75686   0.60185
   0.85267   0.75320   0.60852
   0.84191   0.74954   0.61519
   0.83114   0.74588   0.62187
   0.82038   0.74222   0.62854
   0.80961   0.73856   0.63522
   0.79885   0.73490   0.64189
   0.78808   0.73124   0.64857
   0.77732   0.72758   0.65524
   0.76655   0.72392   0.66192
   0.75579   0.72026   0.66859
   0.75040   0.71843   0.67193
   0.73426   0.71294   0.68194
   0.72349   0.70928   0.68861
   0.71273   0.70562   0.69529
   0.70196   0.70196   0.70196
