   0.94617   0.98554   0.98554
   0.83852   0.95663   0.95663
   0.73087   0.92772   0.92772
   0.62322   0.89881   0.89881
   0.51557   0.86990   0.86990
   0.40792   0.84098   0.84098
   0.30757   0.81930   0.81930
   0.25836   0.84821   0.84821
   0.20915   0.87712   0.87712
   0.18454   0.89158   0.89158
   0.11073   0.93495   0.93495
   0.08612   0.94940   0.94940
   0.01230   0.99277   0.99277
   0.00000   0.99523   0.98047
   0.00000   0.96663   0.86328
   0.00000   0.95709   0.82422
   0.00000   0.92849   0.70704
   0.00000   0.90942   0.62891
   0.00000   0.89988   0.58985
   0.00000   0.87105   0.47243
   0.00000   0.85136   0.39369
   0.00000   0.83168   0.31496
   0.00000   0.82184   0.27559
   0.00000   0.79231   0.15748
   0.00000   0.77263   0.07874
   0.00000   0.75294   0.00000
   0.03937   0.76278   0.00000
   0.15748   0.79231   0.00000
   0.23622   0.81200   0.00000
   0.31496   0.83168   0.00000
   0.35432   0.84152   0.00000
   0.47243   0.87105   0.00000
   0.55079   0.89035   0.00000
   0.62891   0.90942   0.00000
   0.70704   0.92849   0.00000
   0.78516   0.94756   0.00000
   0.86328   0.96663   0.00000
   0.90235   0.97616   0.00000
   1.00000   0.98539   0.00000
   1.00000   0.92695   0.00000
   1.00000   0.86851   0.00000
   1.00000   0.81007   0.00000
   1.00000   0.75163   0.00000
   1.00000   0.69319   0.00000
   1.00000   0.63476   0.00000
   1.00000   0.59054   0.00000
   1.00000   0.44291   0.00000
   1.00000   0.34448   0.00000
   1.00000   0.24606   0.00000
   1.00000   0.14764   0.00000
   1.00000   0.04921   0.00000
   1.00000   0.00984   0.03937
   1.00000   0.02953   0.11811
   1.00000   0.03937   0.15748
   1.00000   0.06890   0.27559
   1.00000   0.08858   0.35432
   1.00000   0.10827   0.43306
   0.99885   0.12795   0.51173
   0.98962   0.14764   0.58985
   0.98039   0.16732   0.66797
   0.97117   0.18700   0.74610
   0.96655   0.19685   0.78516
   0.95271   0.22637   0.90235
   0.94348   0.24606   0.98047
   0.88950   0.23622   1.00000
   0.82061   0.21653   1.00000
   0.75171   0.19685   1.00000
   0.68281   0.17716   1.00000
   0.61392   0.15748   1.00000
   0.54502   0.13779   1.00000
   0.48720   0.13287   1.00000
   0.44783   0.15256   1.00000
   0.40846   0.17224   1.00000
   0.36909   0.19193   1.00000
   0.32972   0.21161   1.00000
   0.31003   0.22145   1.00000
   0.25098   0.25098   1.00000
   0.23130   0.23130   0.92188
   0.21161   0.21161   0.84375
   0.19193   0.19193   0.76563
   0.17224   0.17224   0.68751
   0.15256   0.15256   0.60938
   0.13287   0.13287   0.53126
   0.12549   0.12549   0.46505
   0.12549   0.12549   0.40600
   0.12549   0.12549   0.34694
   0.12549   0.12549   0.28789
   0.12549   0.12549   0.22884
   0.12549   0.12549   0.16978
   0.14025   0.14025   0.14025
   0.19931   0.19931   0.19931
   0.22884   0.22884   0.22884
   0.31742   0.31742   0.31742
   0.37647   0.37647   0.37647
   0.43553   0.43553   0.43553
   0.49458   0.49458   0.49458
   0.55363   0.55363   0.55363
   0.61269   0.61269   0.61269
   0.67174   0.67174   0.67174
   0.73080   0.73080   0.73080
   0.78985   0.78985   0.78985
   0.84890   0.84890   0.84890
   0.88274   0.87474   0.86736
   0.89135   0.86736   0.84521
   0.89996   0.85998   0.82307
   0.90857   0.85259   0.80092
   0.91719   0.84521   0.77878
   0.92149   0.84152   0.76771
   0.93180   0.82784   0.73203
   0.91949   0.79954   0.69020
   0.90719   0.77124   0.64837
   0.89489   0.74295   0.60654
   0.88258   0.71465   0.56471
   0.87028   0.68635   0.52288
   0.85798   0.65806   0.48105
   0.82814   0.62422   0.44291
   0.79246   0.58854   0.40600
   0.75679   0.55286   0.36909
   0.72111   0.51719   0.33218
   0.68543   0.48151   0.29527
   0.64975   0.44583   0.25836
   0.61407   0.41038   0.22145
   0.57839   0.37532   0.18454
   0.56055   0.35778   0.16609
   0.50704   0.30519   0.11073
   0.47136   0.27013   0.07382
   0.43568   0.23506   0.03691
   0.40000   0.20000   0.00000
