   0.99988   0.95894   0.91800
   0.99963   0.95525   0.91087
   0.99938   0.95156   0.90373
   0.99914   0.94787   0.89659
   0.99889   0.94418   0.88946
   0.99865   0.94048   0.88232
   0.99840   0.93679   0.87519
   0.99815   0.93310   0.86805
   0.99791   0.92941   0.86092
   0.99778   0.92757   0.85735
   0.99742   0.92203   0.84664
   0.99729   0.92019   0.84308
   0.99692   0.91465   0.83237
   0.99680   0.91280   0.82880
   0.99643   0.90727   0.81810
   0.99631   0.90542   0.81453
   0.99594   0.89892   0.80175
   0.99569   0.89350   0.79093
   0.99557   0.89080   0.78551
   0.99520   0.88268   0.76927
   0.99496   0.87726   0.75845
   0.99471   0.87185   0.74762
   0.99459   0.86914   0.74221
   0.99422   0.86102   0.72597
   0.99397   0.85561   0.71514
   0.99373   0.85020   0.70431
   0.99360   0.84749   0.69890
   0.99323   0.83937   0.68266
   0.99299   0.83396   0.67183
   0.99274   0.82854   0.66101
   0.99262   0.82584   0.65559
   0.99225   0.81772   0.63935
   0.99216   0.81046   0.62684
   0.99216   0.80209   0.61330
   0.99216   0.79373   0.59977
   0.99216   0.78536   0.58624
   0.99216   0.77699   0.57270
   0.99216   0.77281   0.56594
   0.99216   0.76026   0.54564
   0.99216   0.75190   0.53210
   0.99216   0.74353   0.51857
   0.99216   0.73516   0.50504
   0.99216   0.72680   0.49150
   0.99216   0.71843   0.47797
   0.99216   0.71007   0.46444
   0.99216   0.70588   0.45767
   0.99216   0.69333   0.43737
   0.99216   0.68497   0.42384
   0.99216   0.67677   0.41166
   0.99216   0.66865   0.40009
   0.99216   0.66053   0.38853
   0.99216   0.65241   0.37696
   0.99216   0.64429   0.36540
   0.99216   0.64023   0.35962
   0.99216   0.62805   0.34227
   0.99216   0.61993   0.33070
   0.99216   0.61181   0.31914
   0.99216   0.60369   0.30757
   0.99216   0.59557   0.29601
   0.99216   0.58745   0.28444
   0.99216   0.57933   0.27288
   0.99216   0.57527   0.26710
   0.99216   0.56309   0.24975
   0.99216   0.55497   0.23819
   0.98994   0.54630   0.22773
   0.98699   0.53744   0.21764
   0.98404   0.52858   0.20755
   0.98108   0.51972   0.19746
   0.97813   0.51086   0.18737
   0.97518   0.50201   0.17729
   0.97223   0.49315   0.16720
   0.96927   0.48429   0.15711
   0.96632   0.47543   0.14702
   0.96337   0.46657   0.13693
   0.96042   0.45772   0.12684
   0.95894   0.45329   0.12180
   0.95451   0.44000   0.10667
   0.95156   0.43114   0.09658
   0.94860   0.42228   0.08649
   0.94565   0.41343   0.07640
   0.94030   0.40517   0.07091
   0.93439   0.39705   0.06648
   0.92849   0.38893   0.06205
   0.92258   0.38081   0.05762
   0.91668   0.37269   0.05319
   0.91077   0.36457   0.04877
   0.90487   0.35645   0.04434
   0.89896   0.34833   0.03991
   0.89306   0.34021   0.03548
   0.88715   0.33209   0.03105
   0.88125   0.32397   0.02662
   0.87829   0.31991   0.02441
   0.86944   0.30773   0.01776
   0.86353   0.29961   0.01333
   0.85762   0.29149   0.00890
   0.85172   0.28337   0.00447
   0.84000   0.27848   0.00435
   0.82745   0.27405   0.00484
   0.81490   0.26962   0.00534
   0.80235   0.26519   0.00583
   0.78980   0.26076   0.00632
   0.77725   0.25633   0.00681
   0.76471   0.25190   0.00730
   0.75216   0.24747   0.00780
   0.73961   0.24305   0.00829
   0.72706   0.23862   0.00878
   0.71451   0.23419   0.00927
   0.70824   0.23197   0.00952
   0.68941   0.22533   0.01026
   0.67686   0.22090   0.01075
   0.66431   0.21647   0.01124
   0.65176   0.21204   0.01173
   0.64198   0.20831   0.01199
   0.63239   0.20461   0.01224
   0.62279   0.20092   0.01249
   0.61320   0.19723   0.01273
   0.60360   0.19354   0.01298
   0.59400   0.18985   0.01323
   0.58441   0.18616   0.01347
   0.57481   0.18247   0.01372
   0.56521   0.17878   0.01396
   0.55562   0.17509   0.01421
   0.54602   0.17140   0.01446
   0.54122   0.16955   0.01458
   0.52683   0.16401   0.01495
   0.51723   0.16032   0.01519
   0.50764   0.15663   0.01544
   0.49804   0.15294   0.01569
