   0.96580   0.98713   0.93859
   0.96014   0.98491   0.93343
   0.95448   0.98270   0.92826
   0.94882   0.98048   0.92309
   0.94316   0.97827   0.91792
   0.93750   0.97606   0.91276
   0.93184   0.97384   0.90759
   0.92618   0.97163   0.90242
   0.92052   0.96941   0.89726
   0.91769   0.96830   0.89467
   0.90920   0.96498   0.88692
   0.90637   0.96387   0.88434
   0.89789   0.96055   0.87659
   0.89506   0.95945   0.87400
   0.88657   0.95613   0.86625
   0.88374   0.95502   0.86367
   0.87566   0.95183   0.85578
   0.87074   0.94986   0.85036
   0.86828   0.94888   0.84766
   0.86090   0.94593   0.83954
   0.85598   0.94396   0.83412
   0.85106   0.94199   0.82871
   0.84860   0.94101   0.82600
   0.84122   0.93805   0.81788
   0.83629   0.93609   0.81247
   0.83137   0.93412   0.80706
   0.82891   0.93313   0.80435
   0.82153   0.93018   0.79623
   0.81661   0.92821   0.79082
   0.81169   0.92624   0.78541
   0.80923   0.92526   0.78270
   0.80185   0.92231   0.77458
   0.79446   0.91942   0.77009
   0.78561   0.91597   0.76615
   0.77675   0.91253   0.76222
   0.76789   0.90908   0.75828
   0.75903   0.90564   0.75434
   0.75460   0.90391   0.75237
   0.74132   0.89875   0.74647
   0.73246   0.89530   0.74253
   0.72360   0.89186   0.73859
   0.71474   0.88841   0.73466
   0.70588   0.88497   0.73072
   0.69702   0.88152   0.72678
   0.68817   0.87808   0.72285
   0.68374   0.87635   0.72088
   0.67045   0.87119   0.71497
   0.66159   0.86774   0.71103
   0.65121   0.86379   0.71234
   0.64014   0.85961   0.71603
   0.62907   0.85543   0.71972
   0.61799   0.85124   0.72341
   0.60692   0.84706   0.72711
   0.60138   0.84497   0.72895
   0.58477   0.83869   0.73449
   0.57370   0.83451   0.73818
   0.56263   0.83033   0.74187
   0.55156   0.82614   0.74556
   0.54048   0.82196   0.74925
   0.52941   0.81778   0.75294
   0.51834   0.81359   0.75663
   0.51280   0.81150   0.75848
   0.49619   0.80523   0.76401
   0.48512   0.80105   0.76771
   0.47405   0.79539   0.77140
   0.46298   0.78923   0.77509
   0.45190   0.78308   0.77878
   0.44083   0.77693   0.78247
   0.42976   0.77078   0.78616
   0.41868   0.76463   0.78985
   0.40761   0.75848   0.79354
   0.39654   0.75233   0.79723
   0.38547   0.74617   0.80092
   0.37439   0.74002   0.80461
   0.36332   0.73387   0.80831
   0.35778   0.73080   0.81015
   0.34118   0.72157   0.81569
   0.33010   0.71542   0.81938
   0.31903   0.70927   0.82307
   0.30796   0.70311   0.82676
   0.29888   0.69416   0.82325
   0.29027   0.68457   0.81809
   0.28166   0.67497   0.81292
   0.27305   0.66537   0.80775
   0.26444   0.65578   0.80258
   0.25583   0.64618   0.79742
   0.24721   0.63659   0.79225
   0.23860   0.62699   0.78708
   0.22999   0.61739   0.78192
   0.22138   0.60780   0.77675
   0.21276   0.59820   0.77158
   0.20846   0.59340   0.76900
   0.19554   0.57901   0.76125
   0.18693   0.56941   0.75608
   0.17832   0.55981   0.75091
   0.16970   0.55022   0.74574
   0.16109   0.54127   0.74122
   0.15248   0.53241   0.73679
   0.14387   0.52355   0.73236
   0.13526   0.51469   0.72794
   0.12664   0.50584   0.72351
   0.11803   0.49698   0.71908
   0.10942   0.48812   0.71465
   0.10081   0.47926   0.71022
   0.09219   0.47040   0.70579
   0.08358   0.46155   0.70136
   0.07497   0.45269   0.69693
   0.07067   0.44826   0.69472
   0.05775   0.43497   0.68807
   0.04913   0.42611   0.68365
   0.04052   0.41726   0.67922
   0.03191   0.40840   0.67479
   0.03137   0.39862   0.66459
   0.03137   0.38877   0.65401
   0.03137   0.37893   0.64343
   0.03137   0.36909   0.63285
   0.03137   0.35925   0.62227
   0.03137   0.34940   0.61169
   0.03137   0.33956   0.60111
   0.03137   0.32972   0.59053
   0.03137   0.31988   0.57995
   0.03137   0.31003   0.56937
   0.03137   0.30019   0.55879
   0.03137   0.29527   0.55349
   0.03137   0.28051   0.53762
   0.03137   0.27066   0.52704
   0.03137   0.26082   0.51646
   0.03137   0.25098   0.50588
