   1.00000   0.99778   0.79459
   1.00000   0.99336   0.78376
   1.00000   0.98893   0.77293
   1.00000   0.98450   0.76211
   1.00000   0.98007   0.75128
   1.00000   0.97564   0.74045
   1.00000   0.97121   0.72963
   1.00000   0.96678   0.71880
   1.00000   0.96235   0.70797
   1.00000   0.96014   0.70256
   1.00000   0.95350   0.68632
   1.00000   0.95128   0.68091
   1.00000   0.94464   0.66467
   1.00000   0.94242   0.65925
   1.00000   0.93578   0.64301
   1.00000   0.93356   0.63760
   0.99986   0.92664   0.62164
   0.99962   0.92172   0.61130
   0.99949   0.91926   0.60614
   0.99912   0.91188   0.59063
   0.99888   0.90696   0.58030
   0.99863   0.90204   0.56997
   0.99851   0.89958   0.56480
   0.99814   0.89219   0.54930
   0.99789   0.88727   0.53896
   0.99765   0.88235   0.52863
   0.99752   0.87989   0.52346
   0.99716   0.87251   0.50796
   0.99691   0.86759   0.49762
   0.99666   0.86267   0.48729
   0.99654   0.86021   0.48212
   0.99617   0.85283   0.46662
   0.99608   0.84498   0.45629
   0.99608   0.83539   0.44595
   0.99608   0.82579   0.43562
   0.99608   0.81619   0.42528
   0.99608   0.80660   0.41495
   0.99608   0.80180   0.40978
   0.99608   0.78741   0.39428
   0.99608   0.77781   0.38394
   0.99608   0.76821   0.37361
   0.99608   0.75862   0.36328
   0.99608   0.74902   0.35294
   0.99608   0.73942   0.34261
   0.99608   0.72983   0.33227
   0.99608   0.72503   0.32710
   0.99608   0.71063   0.31160
   0.99608   0.70104   0.30127
   0.99591   0.69178   0.29533
   0.99566   0.68268   0.29140
   0.99542   0.67357   0.28746
   0.99517   0.66447   0.28352
   0.99493   0.65536   0.27959
   0.99480   0.65081   0.27762
   0.99443   0.63715   0.27171
   0.99419   0.62805   0.26777
   0.99394   0.61895   0.26384
   0.99370   0.60984   0.25990
   0.99345   0.60074   0.25596
   0.99320   0.59163   0.25203
   0.99296   0.58253   0.24809
   0.99283   0.57798   0.24612
   0.99246   0.56432   0.24022
   0.99222   0.55522   0.23628
   0.99197   0.54132   0.23197
   0.99173   0.52581   0.22754
   0.99148   0.51031   0.22311
   0.99123   0.49481   0.21869
   0.99099   0.47931   0.21426
   0.99074   0.46381   0.20983
   0.99050   0.44831   0.20540
   0.99025   0.43280   0.20097
   0.99000   0.41730   0.19654
   0.98976   0.40180   0.19211
   0.98951   0.38630   0.18768
   0.98939   0.37855   0.18547
   0.98902   0.35529   0.17882
   0.98877   0.33979   0.17439
   0.98853   0.32429   0.16996
   0.98828   0.30879   0.16554
   0.98324   0.29549   0.16191
   0.97709   0.28269   0.15846
   0.97093   0.26990   0.15502
   0.96478   0.25710   0.15157
   0.95863   0.24431   0.14813
   0.95248   0.23151   0.14468
   0.94633   0.21872   0.14124
   0.94018   0.20592   0.13779
   0.93402   0.19313   0.13435
   0.92787   0.18033   0.13090
   0.92172   0.16754   0.12746
   0.91865   0.16114   0.12574
   0.90942   0.14195   0.12057
   0.90327   0.12915   0.11712
   0.89712   0.11636   0.11368
   0.89096   0.10356   0.11023
   0.88201   0.09636   0.11196
   0.87266   0.08997   0.11442
   0.86331   0.08357   0.11688
   0.85396   0.07717   0.11934
   0.84461   0.07077   0.12180
   0.83526   0.06437   0.12426
   0.82591   0.05798   0.12672
   0.81656   0.05158   0.12918
   0.80721   0.04518   0.13164
   0.79786   0.03878   0.13410
   0.78851   0.03239   0.13656
   0.78384   0.02919   0.13779
   0.76981   0.01959   0.14148
   0.76046   0.01319   0.14394
   0.75111   0.00680   0.14640
   0.74176   0.00040   0.14887
   0.72711   0.00000   0.14902
   0.71210   0.00000   0.14902
   0.69709   0.00000   0.14902
   0.68208   0.00000   0.14902
   0.66707   0.00000   0.14902
   0.65206   0.00000   0.14902
   0.63705   0.00000   0.14902
   0.62204   0.00000   0.14902
   0.60703   0.00000   0.14902
   0.59202   0.00000   0.14902
   0.57701   0.00000   0.14902
   0.56950   0.00000   0.14902
   0.54699   0.00000   0.14902
   0.53198   0.00000   0.14902
   0.51697   0.00000   0.14902
   0.50196   0.00000   0.14902
