   0.96641   0.98737   0.95820
   0.96198   0.98565   0.95303
   0.95755   0.98393   0.94787
   0.95313   0.98221   0.94270
   0.94870   0.98048   0.93753
   0.94427   0.97876   0.93236
   0.93984   0.97704   0.92720
   0.93541   0.97532   0.92203
   0.93098   0.97360   0.91686
   0.92877   0.97273   0.91428
   0.92212   0.97015   0.90653
   0.91991   0.96929   0.90395
   0.91326   0.96671   0.89619
   0.91105   0.96584   0.89361
   0.90441   0.96326   0.88586
   0.90219   0.96240   0.88328
   0.89389   0.95912   0.87400
   0.88651   0.95617   0.86613
   0.88281   0.95469   0.86219
   0.87174   0.95026   0.85038
   0.86436   0.94731   0.84251
   0.85698   0.94436   0.83463
   0.85329   0.94288   0.83070
   0.84222   0.93845   0.81889
   0.83483   0.93550   0.81101
   0.82745   0.93255   0.80314
   0.82376   0.93107   0.79920
   0.81269   0.92664   0.78739
   0.80531   0.92369   0.77952
   0.79792   0.92074   0.77164
   0.79423   0.91926   0.76771
   0.78316   0.91483   0.75589
   0.77455   0.91127   0.74725
   0.76520   0.90733   0.73815
   0.75585   0.90339   0.72904
   0.74650   0.89945   0.71994
   0.73715   0.89552   0.71083
   0.73247   0.89355   0.70628
   0.71845   0.88764   0.69263
   0.70910   0.88371   0.68352
   0.69975   0.87977   0.67442
   0.69040   0.87583   0.66531
   0.68105   0.87190   0.65621
   0.67170   0.86796   0.64710
   0.66234   0.86402   0.63800
   0.65767   0.86205   0.63345
   0.64364   0.85615   0.61979
   0.63429   0.85221   0.61069
   0.62376   0.84743   0.60158
   0.61269   0.84226   0.59248
   0.60162   0.83709   0.58338
   0.59054   0.83193   0.57427
   0.57947   0.82676   0.56517
   0.57393   0.82418   0.56062
   0.55732   0.81642   0.54696
   0.54625   0.81126   0.53786
   0.53518   0.80609   0.52875
   0.52411   0.80092   0.51965
   0.51303   0.79576   0.51054
   0.50196   0.79059   0.50144
   0.49089   0.78542   0.49233
   0.48535   0.78284   0.48778
   0.46874   0.77509   0.47412
   0.45767   0.76992   0.46502
   0.44549   0.76401   0.45813
   0.43294   0.75786   0.45198
   0.42039   0.75171   0.44583
   0.40784   0.74556   0.43968
   0.39529   0.73941   0.43353
   0.38274   0.73326   0.42737
   0.37020   0.72711   0.42122
   0.35765   0.72095   0.41507
   0.34510   0.71480   0.40892
   0.33255   0.70865   0.40277
   0.32000   0.70250   0.39662
   0.31373   0.69942   0.39354
   0.29490   0.69020   0.38431
   0.28235   0.68405   0.37816
   0.26980   0.67789   0.37201
   0.25725   0.67174   0.36586
   0.24890   0.66419   0.35991
   0.24152   0.65632   0.35400
   0.23414   0.64844   0.34810
   0.22676   0.64057   0.34219
   0.21938   0.63270   0.33629
   0.21200   0.62482   0.33038
   0.20461   0.61695   0.32447
   0.19723   0.60907   0.31857
   0.18985   0.60120   0.31266
   0.18247   0.59333   0.30676
   0.17509   0.58545   0.30085
   0.17140   0.58152   0.29790
   0.16032   0.56970   0.28904
   0.15294   0.56183   0.28314
   0.14556   0.55396   0.27723
   0.13818   0.54608   0.27133
   0.12972   0.53864   0.26521
   0.12111   0.53126   0.25905
   0.11249   0.52387   0.25290
   0.10388   0.51649   0.24675
   0.09527   0.50911   0.24060
   0.08666   0.50173   0.23445
   0.07805   0.49435   0.22830
   0.06944   0.48697   0.22215
   0.06082   0.47958   0.21599
   0.05221   0.47220   0.20984
   0.04360   0.46482   0.20369
   0.03929   0.46113   0.20062
   0.02637   0.45006   0.19139
   0.01776   0.44268   0.18524
   0.00915   0.43529   0.17909
   0.00054   0.42791   0.17293
   0.00000   0.41799   0.16863
   0.00000   0.40791   0.16444
   0.00000   0.39782   0.16026
   0.00000   0.38773   0.15608
   0.00000   0.37764   0.15190
   0.00000   0.36755   0.14771
   0.00000   0.35746   0.14353
   0.00000   0.34737   0.13935
   0.00000   0.33729   0.13516
   0.00000   0.32720   0.13098
   0.00000   0.31711   0.12680
   0.00000   0.31207   0.12471
   0.00000   0.29693   0.11843
   0.00000   0.28684   0.11425
   0.00000   0.27676   0.11006
   0.00000   0.26667   0.10588
