   0.07169   0.00392   0.00784
   0.21508   0.01177   0.02353
   0.35846   0.01961   0.03922
   0.50185   0.02745   0.05490
   0.64523   0.03529   0.07059
   0.78861   0.04314   0.08627
   0.93200   0.05098   0.10196
   0.97946   0.05882   0.11765
   0.94038   0.06667   0.13333
   0.92084   0.07059   0.14118
   0.86223   0.08235   0.16471
   0.84269   0.08627   0.17255
   0.78408   0.09804   0.19608
   0.76454   0.10196   0.20392
   0.70593   0.11372   0.22745
   0.68639   0.11765   0.23529
   0.62778   0.12941   0.25882
   0.58871   0.13725   0.27451
   0.56917   0.14118   0.28235
   0.51056   0.15294   0.30588
   0.47148   0.16078   0.32157
   0.43240   0.16863   0.33726
   0.41287   0.17255   0.34510
   0.35425   0.18431   0.36863
   0.31518   0.19216   0.38431
   0.27610   0.20000   0.40000
   0.25657   0.20392   0.40784
   0.19795   0.21569   0.43137
   0.15888   0.22353   0.44706
   0.11980   0.23137   0.46275
   0.10027   0.23529   0.47059
   0.04165   0.24706   0.49412
   0.25490   0.25490   0.50980
   0.26274   0.26274   0.52549
   0.27059   0.27059   0.54118
   0.27843   0.27843   0.55686
   0.28627   0.28627   0.57255
   0.29020   0.29020   0.58039
   0.30196   0.30196   0.60392
   0.30980   0.30980   0.61961
   0.31765   0.31765   0.63529
   0.32549   0.32549   0.65098
   0.33333   0.33333   0.66667
   0.34118   0.34118   0.68235
   0.34902   0.34902   0.69804
   0.35294   0.35294   0.70588
   0.36471   0.36471   0.72941
   0.37255   0.37255   0.74510
   0.38039   0.38039   0.76078
   0.38824   0.38824   0.77647
   0.39608   0.39608   0.79216
   0.40392   0.40392   0.80784
   0.41177   0.41177   0.82353
   0.41569   0.41569   0.83137
   0.42745   0.42745   0.85490
   0.43529   0.43529   0.87059
   0.44314   0.44314   0.88627
   0.45098   0.45098   0.90196
   0.45882   0.45882   0.91765
   0.46667   0.46667   0.93333
   0.47451   0.47451   0.94902
   0.47843   0.47843   0.95686
   0.49020   0.49020   0.98039
   0.49804   0.49804   0.99608
   0.50588   0.50588   0.97497
   0.51372   0.51372   0.94159
   0.52157   0.52157   0.90822
   0.52941   0.52941   0.87484
   0.53725   0.53725   0.84147
   0.54510   0.54510   0.80809
   0.55294   0.55294   0.77472
   0.56078   0.56078   0.74134
   0.56863   0.56863   0.70797
   0.57647   0.57647   0.67459
   0.58431   0.58431   0.64122
   0.58824   0.58824   0.62453
   0.60000   0.60000   0.57447
   0.60784   0.60784   0.54109
   0.61569   0.61569   0.50772
   0.62353   0.62353   0.47434
   0.63137   0.63137   0.44097
   0.63922   0.63922   0.40759
   0.64706   0.64706   0.37422
   0.65490   0.65490   0.34084
   0.66274   0.66274   0.30747
   0.67059   0.67059   0.27409
   0.67843   0.67843   0.24072
   0.68628   0.68628   0.20734
   0.69412   0.69412   0.17397
   0.70196   0.70196   0.14059
   0.70980   0.70980   0.10722
   0.71372   0.71372   0.09053
   0.72549   0.72549   0.04047
   0.73333   0.73333   0.00709
   0.74118   0.74118   0.02331
   0.74902   0.74902   0.05290
   0.75686   0.75686   0.08250
   0.76471   0.76471   0.11210
   0.77255   0.77255   0.14169
   0.78039   0.78039   0.17129
   0.78824   0.78824   0.20089
   0.79608   0.79608   0.23049
   0.80392   0.80392   0.26008
   0.81177   0.81177   0.28968
   0.81961   0.81961   0.31927
   0.82745   0.82745   0.34887
   0.83529   0.83529   0.37847
   0.83922   0.83922   0.39327
   0.85098   0.85098   0.43766
   0.85882   0.85882   0.46726
   0.86667   0.86667   0.49685
   0.87451   0.87451   0.52645
   0.88235   0.88235   0.55605
   0.89020   0.89020   0.58565
   0.89804   0.89804   0.61524
   0.90588   0.90588   0.64484
   0.91373   0.91373   0.67444
   0.92157   0.92157   0.70403
   0.92941   0.92941   0.73363
   0.93726   0.93726   0.76323
   0.94510   0.94510   0.79282
   0.95294   0.95294   0.82242
   0.96078   0.96078   0.85202
   0.96471   0.96471   0.86681
   0.97647   0.97647   0.91121
   0.98431   0.98431   0.94081
   0.99216   0.99216   0.97040
   1.00000   1.00000   1.00000
