   0.12634   0.61283   0.45407
   0.16724   0.59926   0.42888
   0.20815   0.58570   0.40369
   0.24906   0.57213   0.37850
   0.28997   0.55857   0.35331
   0.33087   0.54501   0.32812
   0.37178   0.53144   0.30293
   0.41269   0.51788   0.27774
   0.45360   0.50431   0.25255
   0.47405   0.49753   0.23995
   0.53541   0.47719   0.20217
   0.55586   0.47040   0.18957
   0.61722   0.45006   0.15179
   0.63768   0.44328   0.13919
   0.69904   0.42293   0.10141
   0.71949   0.41615   0.08881
   0.78085   0.39580   0.05103
   0.82176   0.38224   0.02584
   0.84222   0.37546   0.01324
   0.82330   0.37725   0.05684
   0.80177   0.38091   0.09495
   0.78024   0.38458   0.13306
   0.76947   0.38640   0.15211
   0.73718   0.39189   0.20927
   0.71565   0.39556   0.24738
   0.69412   0.39922   0.28549
   0.68335   0.40105   0.30454
   0.65106   0.40654   0.36171
   0.62953   0.41020   0.39981
   0.60800   0.41386   0.43792
   0.59723   0.41569   0.45698
   0.56494   0.42118   0.51414
   0.54341   0.42484   0.55225
   0.52188   0.42850   0.59036
   0.50035   0.43216   0.62847
   0.47882   0.43582   0.66657
   0.46058   0.43812   0.70133
   0.47285   0.43048   0.69692
   0.50967   0.40755   0.68368
   0.53421   0.39226   0.67485
   0.55875   0.37698   0.66602
   0.58330   0.36169   0.65719
   0.60784   0.34640   0.64837
   0.63239   0.33112   0.63954
   0.65693   0.31583   0.63071
   0.66920   0.30819   0.62630
   0.70602   0.28526   0.61306
   0.73057   0.26997   0.60423
   0.75511   0.25469   0.59540
   0.77965   0.23940   0.58657
   0.80420   0.22411   0.57775
   0.82874   0.20883   0.56892
   0.85329   0.19354   0.56009
   0.86556   0.18590   0.55568
   0.90238   0.16297   0.54244
   0.88208   0.18385   0.52125
   0.85430   0.21077   0.49799
   0.82653   0.23768   0.47474
   0.79875   0.26459   0.45149
   0.77098   0.29150   0.42823
   0.74321   0.31842   0.40498
   0.72932   0.33187   0.39336
   0.68766   0.37224   0.35848
   0.65988   0.39915   0.33522
   0.63211   0.42607   0.31197
   0.60434   0.45298   0.28872
   0.57656   0.47989   0.26547
   0.54879   0.50681   0.24221
   0.52101   0.53372   0.21896
   0.49324   0.56063   0.19571
   0.46547   0.58754   0.17246
   0.43769   0.61446   0.14920
   0.40992   0.64137   0.12595
   0.41772   0.65167   0.11377
   0.44528   0.65275   0.10774
   0.45905   0.65329   0.10473
   0.50039   0.65490   0.09569
   0.52795   0.65598   0.08966
   0.55551   0.65706   0.08363
   0.58307   0.65813   0.07760
   0.61063   0.65921   0.07157
   0.63819   0.66028   0.06554
   0.66574   0.66136   0.05952
   0.69330   0.66244   0.05349
   0.72086   0.66351   0.04746
   0.74842   0.66459   0.04143
   0.77598   0.66567   0.03540
   0.80354   0.66674   0.02937
   0.83110   0.66782   0.02334
   0.85865   0.66890   0.01732
   0.88621   0.66997   0.01129
   0.89999   0.67051   0.00827
   0.88228   0.65429   0.01615
   0.86850   0.64288   0.02196
   0.85472   0.63147   0.02777
   0.84094   0.62005   0.03359
   0.82716   0.60864   0.03940
   0.81338   0.59723   0.04521
   0.79960   0.58582   0.05103
   0.78582   0.57441   0.05684
   0.77204   0.56300   0.06265
   0.75826   0.55159   0.06847
   0.74448   0.54018   0.07428
   0.73070   0.52877   0.08009
   0.71692   0.51736   0.08591
   0.70315   0.50594   0.09172
   0.68937   0.49453   0.09753
   0.68248   0.48883   0.10044
   0.66181   0.47171   0.10916
   0.64803   0.46201   0.11709
   0.63425   0.45856   0.13281
   0.62047   0.45512   0.14853
   0.60669   0.45167   0.16424
   0.59291   0.44823   0.17996
   0.57913   0.44478   0.19568
   0.56535   0.44134   0.21140
   0.55157   0.43789   0.22711
   0.53779   0.43445   0.24283
   0.52401   0.43100   0.25855
   0.51024   0.42756   0.27426
   0.49646   0.42411   0.28998
   0.48268   0.42067   0.30570
   0.46890   0.41722   0.32142
   0.46201   0.41550   0.32927
   0.44134   0.41033   0.35285
   0.42756   0.40689   0.36857
   0.41378   0.40345   0.38428
   0.40000   0.40000   0.40000
