   0.05190   0.00000   0.00000
   0.07248   0.00000   0.00000
   0.09307   0.00000   0.00000
   0.11366   0.00000   0.00000
   0.13425   0.00000   0.00000
   0.15484   0.00000   0.00000
   0.17543   0.00000   0.00000
   0.19602   0.00000   0.00000
   0.21661   0.00000   0.00000
   0.22691   0.00000   0.00000
   0.25779   0.00000   0.00000
   0.26809   0.00000   0.00000
   0.29897   0.00000   0.00000
   0.30927   0.00000   0.00000
   0.34015   0.00000   0.00000
   0.35045   0.00000   0.00000
   0.38133   0.00000   0.00000
   0.40192   0.00000   0.00000
   0.41221   0.00000   0.00000
   0.44310   0.00000   0.00000
   0.46369   0.00000   0.00000
   0.48428   0.00000   0.00000
   0.49457   0.00000   0.00000
   0.52546   0.00000   0.00000
   0.54605   0.00000   0.00000
   0.56664   0.00000   0.00000
   0.57693   0.00000   0.00000
   0.60782   0.00000   0.00000
   0.62841   0.00000   0.00000
   0.64900   0.00000   0.00000
   0.65929   0.00000   0.00000
   0.69017   0.00000   0.00000
   0.71077   0.00000   0.00000
   0.73136   0.00000   0.00000
   0.75194   0.00000   0.00000
   0.77253   0.00000   0.00000
   0.79312   0.00000   0.00000
   0.80342   0.00000   0.00000
   0.83430   0.00000   0.00000
   0.85489   0.00000   0.00000
   0.87548   0.00000   0.00000
   0.89607   0.00000   0.00000
   0.91666   0.00000   0.00000
   0.93725   0.00000   0.00000
   0.95784   0.00000   0.00000
   0.96814   0.00000   0.00000
   0.99902   0.00000   0.00000
   1.00000   0.01961   0.00000
   1.00000   0.04020   0.00000
   1.00000   0.06078   0.00000
   1.00000   0.08137   0.00000
   1.00000   0.10196   0.00000
   1.00000   0.12255   0.00000
   1.00000   0.13284   0.00000
   1.00000   0.16373   0.00000
   1.00000   0.18431   0.00000
   1.00000   0.20490   0.00000
   1.00000   0.22549   0.00000
   1.00000   0.24608   0.00000
   1.00000   0.26667   0.00000
   1.00000   0.28725   0.00000
   1.00000   0.29755   0.00000
   1.00000   0.32843   0.00000
   1.00000   0.34902   0.00000
   1.00000   0.36961   0.00000
   1.00000   0.39020   0.00000
   1.00000   0.41078   0.00000
   1.00000   0.43137   0.00000
   1.00000   0.45196   0.00000
   1.00000   0.47255   0.00000
   1.00000   0.49314   0.00000
   1.00000   0.51373   0.00000
   1.00000   0.53431   0.00000
   1.00000   0.55490   0.00000
   1.00000   0.57549   0.00000
   1.00000   0.58578   0.00000
   1.00000   0.61667   0.00000
   1.00000   0.63726   0.00000
   1.00000   0.65784   0.00000
   1.00000   0.67843   0.00000
   1.00000   0.69902   0.00000
   1.00000   0.71961   0.00000
   1.00000   0.74020   0.00000
   1.00000   0.76078   0.00000
   1.00000   0.78137   0.00000
   1.00000   0.80196   0.00000
   1.00000   0.82255   0.00000
   1.00000   0.84314   0.00000
   1.00000   0.86373   0.00000
   1.00000   0.88431   0.00000
   1.00000   0.90490   0.00000
   1.00000   0.91520   0.00000
   1.00000   0.94608   0.00000
   1.00000   0.96667   0.00000
   1.00000   0.98725   0.00000
   1.00000   1.00000   0.01176
   1.00000   1.00000   0.04265
   1.00000   1.00000   0.07353
   1.00000   1.00000   0.10441
   1.00000   1.00000   0.13529
   1.00000   1.00000   0.16618
   1.00000   1.00000   0.19706
   1.00000   1.00000   0.22794
   1.00000   1.00000   0.25882
   1.00000   1.00000   0.28971
   1.00000   1.00000   0.32059
   1.00000   1.00000   0.35147
   1.00000   1.00000   0.36691
   1.00000   1.00000   0.41324
   1.00000   1.00000   0.44412
   1.00000   1.00000   0.47500
   1.00000   1.00000   0.50588
   1.00000   1.00000   0.53676
   1.00000   1.00000   0.56765
   1.00000   1.00000   0.59853
   1.00000   1.00000   0.62941
   1.00000   1.00000   0.66029
   1.00000   1.00000   0.69118
   1.00000   1.00000   0.72206
   1.00000   1.00000   0.75294
   1.00000   1.00000   0.78382
   1.00000   1.00000   0.81471
   1.00000   1.00000   0.84559
   1.00000   1.00000   0.86103
   1.00000   1.00000   0.90735
   1.00000   1.00000   0.93823
   1.00000   1.00000   0.96912
   1.00000   1.00000   1.00000
