   0.96666   0.95452   0.97524
   0.96272   0.94985   0.97278
   0.95878   0.94517   0.97032
   0.95485   0.94050   0.96786
   0.95091   0.93582   0.96540
   0.94697   0.93115   0.96294
   0.94304   0.92647   0.96048
   0.93910   0.92180   0.95802
   0.93516   0.91712   0.95556
   0.93319   0.91479   0.95433
   0.92729   0.90777   0.95063
   0.92532   0.90544   0.94940
   0.91942   0.89842   0.94571
   0.91745   0.89609   0.94448
   0.91154   0.88907   0.94079
   0.90957   0.88674   0.93956
   0.90325   0.87682   0.93435
   0.89858   0.86697   0.92918
   0.89624   0.86205   0.92660
   0.88923   0.84729   0.91885
   0.88455   0.83745   0.91368
   0.87988   0.82761   0.90851
   0.87754   0.82268   0.90593
   0.87053   0.80792   0.89818
   0.86585   0.79808   0.89301
   0.86118   0.78824   0.88784
   0.85884   0.78331   0.88526
   0.85183   0.76855   0.87751
   0.84715   0.75871   0.87234
   0.84248   0.74887   0.86717
   0.84014   0.74395   0.86459
   0.83313   0.72918   0.85684
   0.82968   0.71980   0.85198
   0.82697   0.71070   0.84730
   0.82427   0.70159   0.84263
   0.82156   0.69249   0.83795
   0.81885   0.68338   0.83328
   0.81750   0.67883   0.83094
   0.81344   0.66518   0.82393
   0.81073   0.65607   0.81925
   0.80803   0.64697   0.81458
   0.80532   0.63786   0.80990
   0.80261   0.62876   0.80523
   0.79991   0.61965   0.80055
   0.79720   0.61055   0.79588
   0.79585   0.60600   0.79354
   0.79179   0.59234   0.78653
   0.78908   0.58324   0.78185
   0.79196   0.57244   0.77650
   0.79737   0.56088   0.77084
   0.80278   0.54931   0.76518
   0.80820   0.53775   0.75952
   0.81361   0.52618   0.75386
   0.81632   0.52040   0.75103
   0.82444   0.50305   0.74255
   0.82985   0.49149   0.73689
   0.83526   0.47992   0.73123
   0.84068   0.46836   0.72557
   0.84609   0.45679   0.71991
   0.85150   0.44523   0.71425
   0.85692   0.43366   0.70859
   0.85962   0.42788   0.70576
   0.86774   0.41053   0.69727
   0.87316   0.39897   0.69161
   0.87599   0.38501   0.68318
   0.87796   0.37024   0.67383
   0.87992   0.35548   0.66448
   0.88189   0.34071   0.65513
   0.88386   0.32595   0.64578
   0.88583   0.31119   0.63643
   0.88780   0.29642   0.62708
   0.88977   0.28166   0.61773
   0.89173   0.26690   0.60838
   0.89370   0.25213   0.59903
   0.89567   0.23737   0.58968
   0.89666   0.22999   0.58501
   0.89961   0.20784   0.57098
   0.90158   0.19308   0.56163
   0.90355   0.17832   0.55228
   0.90551   0.16355   0.54293
   0.90088   0.15619   0.53078
   0.89473   0.15053   0.51798
   0.88858   0.14487   0.50519
   0.88243   0.13921   0.49240
   0.87628   0.13355   0.47960
   0.87013   0.12789   0.46681
   0.86397   0.12223   0.45401
   0.85782   0.11657   0.44122
   0.85167   0.11091   0.42842
   0.84552   0.10525   0.41563
   0.83937   0.09959   0.40283
   0.83629   0.09676   0.39643
   0.82707   0.08827   0.37724
   0.82091   0.08261   0.36444
   0.81476   0.07695   0.35165
   0.80861   0.07130   0.33885
   0.79622   0.06671   0.33316
   0.78293   0.06228   0.32849
   0.76964   0.05785   0.32381
   0.75635   0.05343   0.31914
   0.74307   0.04900   0.31446
   0.72978   0.04457   0.30979
   0.71649   0.04014   0.30511
   0.70321   0.03571   0.30044
   0.68992   0.03128   0.29576
   0.67663   0.02685   0.29109
   0.66334   0.02242   0.28641
   0.65670   0.02021   0.28407
   0.63677   0.01356   0.27706
   0.62348   0.00914   0.27239
   0.61020   0.00471   0.26771
   0.59691   0.00028   0.26304
   0.58477   0.00000   0.25444
   0.57272   0.00000   0.24558
   0.56066   0.00000   0.23672
   0.54860   0.00000   0.22787
   0.53655   0.00000   0.21901
   0.52449   0.00000   0.21015
   0.51243   0.00000   0.20129
   0.50038   0.00000   0.19243
   0.48832   0.00000   0.18358
   0.47626   0.00000   0.17472
   0.46421   0.00000   0.16586
   0.45818   0.00000   0.16143
   0.44009   0.00000   0.14814
   0.42803   0.00000   0.13928
   0.41598   0.00000   0.13043
   0.40392   0.00000   0.12157
