   0.00392   0.00392   0.00392
   0.01177   0.01177   0.01177
   0.01961   0.01961   0.01961
   0.02745   0.02745   0.02745
   0.03529   0.03529   0.03529
   0.04314   0.04314   0.04314
   0.05098   0.05098   0.05098
   0.05882   0.05882   0.05882
   0.06667   0.06667   0.06667
   0.07059   0.07059   0.07059
   0.08235   0.08235   0.08235
   0.08627   0.08627   0.08627
   0.09804   0.09804   0.09804
   0.10196   0.10196   0.10196
   0.11372   0.11372   0.11372
   0.11765   0.11765   0.11765
   0.12941   0.12941   0.12941
   0.13725   0.13725   0.13725
   0.14118   0.14118   0.14118
   0.15294   0.15294   0.15294
   0.16078   0.16078   0.16078
   0.16863   0.16863   0.16863
   0.17255   0.17255   0.17255
   0.18431   0.18431   0.18431
   0.19216   0.19216   0.19216
   0.20000   0.20000   0.20000
   0.20392   0.20392   0.20392
   0.21569   0.21569   0.21569
   0.22353   0.22353   0.22353
   0.23137   0.23137   0.23137
   0.23529   0.23529   0.23529
   0.24706   0.24706   0.24706
   0.25490   0.25490   0.25490
   0.26274   0.26274   0.26274
   0.27059   0.27059   0.27059
   0.27843   0.27843   0.27843
   0.28627   0.28627   0.28627
   0.29020   0.29020   0.29020
   0.30196   0.30196   0.30196
   0.30980   0.30980   0.30980
   0.31765   0.31765   0.31765
   0.32549   0.32549   0.32549
   0.33333   0.33333   0.33333
   0.34118   0.34118   0.34118
   0.34902   0.34902   0.34902
   0.35294   0.35294   0.35294
   0.36471   0.36471   0.36471
   0.37255   0.37255   0.37255
   0.38039   0.38039   0.38039
   0.38824   0.38824   0.38824
   0.39608   0.39608   0.39608
   0.40392   0.40392   0.40392
   0.41177   0.41177   0.41177
   0.41569   0.41569   0.41569
   0.42745   0.42745   0.42745
   0.43529   0.43529   0.43529
   0.44314   0.44314   0.44314
   0.45098   0.45098   0.45098
   0.45882   0.45882   0.45882
   0.46667   0.46667   0.46667
   0.47451   0.47451   0.47451
   0.47843   0.47843   0.47843
   0.49020   0.49020   0.49020
   0.49804   0.49804   0.49804
   0.50588   0.50588   0.50588
   0.51372   0.51372   0.51372
   0.52157   0.52157   0.52157
   0.52941   0.52941   0.52941
   0.53725   0.53725   0.53725
   0.54510   0.54510   0.54510
   0.55294   0.55294   0.55294
   0.56078   0.56078   0.56078
   0.56863   0.56863   0.56863
   0.57647   0.57647   0.57647
   0.58431   0.58431   0.58431
   0.58824   0.58824   0.58824
   0.60000   0.60000   0.60000
   0.60784   0.60784   0.60784
   0.61569   0.61569   0.61569
   0.62353   0.62353   0.62353
   0.63137   0.63137   0.63137
   0.63922   0.63922   0.63922
   0.64706   0.64706   0.64706
   0.65490   0.65490   0.65490
   0.66274   0.66274   0.66274
   0.67059   0.67059   0.67059
   0.67843   0.67843   0.67843
   0.68628   0.68628   0.68628
   0.69412   0.69412   0.69412
   0.70196   0.70196   0.70196
   0.70980   0.70980   0.70980
   0.71372   0.71372   0.71372
   0.72549   0.72549   0.72549
   0.73333   0.73333   0.73333
   0.74118   0.74118   0.74118
   0.74902   0.74902   0.74902
   0.75686   0.75686   0.75686
   0.76471   0.76471   0.76471
   0.77255   0.77255   0.77255
   0.78039   0.78039   0.78039
   0.78824   0.78824   0.78824
   0.79608   0.79608   0.79608
   0.80392   0.80392   0.80392
   0.81177   0.81177   0.81177
   0.81961   0.81961   0.81961
   0.82745   0.82745   0.82745
   0.83529   0.83529   0.83529
   0.83922   0.83922   0.83922
   0.85098   0.85098   0.85098
   0.85882   0.85882   0.85882
   0.86667   0.86667   0.86667
   0.87451   0.87451   0.87451
   0.88235   0.88235   0.88235
   0.89020   0.89020   0.89020
   0.89804   0.89804   0.89804
   0.90588   0.90588   0.90588
   0.91373   0.91373   0.91373
   0.92157   0.92157   0.92157
   0.92941   0.92941   0.92941
   0.93726   0.93726   0.93726
   0.94510   0.94510   0.94510
   0.95294   0.95294   0.95294
   0.96078   0.96078   0.96078
   0.96471   0.96471   0.96471
   0.97647   0.97647   0.97647
   0.98431   0.98431   0.98431
   0.99216   0.99216   0.99216
   1.00000   1.00000   1.00000
