   0.49216   0.01232   0.99998
   0.47647   0.03695   0.99983
   0.46078   0.06156   0.99953
   0.44510   0.08613   0.99907
   0.42941   0.11065   0.99846
   0.41372   0.13510   0.99770
   0.39804   0.15948   0.99679
   0.38235   0.18375   0.99573
   0.36667   0.20791   0.99452
   0.35882   0.21995   0.99386
   0.33529   0.25584   0.99164
   0.32745   0.26773   0.99083
   0.30392   0.30315   0.98817
   0.29608   0.31487   0.98720
   0.27255   0.34973   0.98409
   0.26471   0.36124   0.98297
   0.24118   0.39545   0.97941
   0.22549   0.41796   0.97685
   0.21765   0.42912   0.97551
   0.19412   0.46220   0.97128
   0.17843   0.48391   0.96828
   0.16274   0.50533   0.96512
   0.15490   0.51592   0.96349
   0.13137   0.54722   0.95838
   0.11569   0.56767   0.95479
   0.10000   0.58779   0.95106
   0.09216   0.59771   0.94914
   0.06863   0.62692   0.94315
   0.05294   0.64593   0.93899
   0.03726   0.66454   0.93468
   0.02941   0.67370   0.93247
   0.00588   0.70054   0.92564
   0.00980   0.71791   0.92091
   0.02549   0.73484   0.91603
   0.04118   0.75133   0.91102
   0.05686   0.76736   0.90587
   0.07255   0.78293   0.90059
   0.08039   0.79053   0.89789
   0.10392   0.81262   0.88960
   0.11961   0.82673   0.88391
   0.13529   0.84034   0.87808
   0.15098   0.85344   0.87212
   0.16667   0.86602   0.86602
   0.18235   0.87808   0.85980
   0.19804   0.88960   0.85344
   0.20588   0.89516   0.85022
   0.22941   0.91102   0.84034
   0.24510   0.92091   0.83360
   0.26078   0.93023   0.82673
   0.27647   0.93899   0.81974
   0.29216   0.94718   0.81262
   0.30784   0.95479   0.80538
   0.32353   0.96183   0.79802
   0.33137   0.96512   0.79429
   0.35490   0.97414   0.78293
   0.37059   0.97941   0.77520
   0.38627   0.98409   0.76736
   0.40196   0.98817   0.75941
   0.41765   0.99164   0.75133
   0.43333   0.99452   0.74314
   0.44902   0.99679   0.73484
   0.45686   0.99770   0.73065
   0.48039   0.99953   0.71791
   0.49608   0.99998   0.70928
   0.51177   0.99983   0.70054
   0.52745   0.99907   0.69170
   0.54314   0.99770   0.68275
   0.55882   0.99573   0.67370
   0.57451   0.99316   0.66454
   0.59020   0.98998   0.65528
   0.60588   0.98620   0.64593
   0.62157   0.98182   0.63647
   0.63726   0.97685   0.62692
   0.65294   0.97128   0.61728
   0.66863   0.96512   0.60754
   0.67647   0.96183   0.60264
   0.70000   0.95106   0.58779
   0.71569   0.94315   0.57777
   0.73137   0.93468   0.56767
   0.74706   0.92564   0.55749
   0.76275   0.91603   0.54722
   0.77843   0.90587   0.53687
   0.79412   0.89516   0.52643
   0.80980   0.88391   0.51592
   0.82549   0.87212   0.50533
   0.84118   0.85980   0.49466
   0.85686   0.84696   0.48391
   0.87255   0.83360   0.47309
   0.88823   0.81974   0.46220
   0.90392   0.80538   0.45124
   0.91961   0.79053   0.44022
   0.92745   0.78293   0.43468
   0.95098   0.75941   0.41796
   0.96667   0.74314   0.40674
   0.98235   0.72643   0.39545
   0.99804   0.70928   0.38411
   1.00000   0.69170   0.37270
   1.00000   0.67370   0.36124
   1.00000   0.65528   0.34973
   1.00000   0.63647   0.33816
   1.00000   0.61728   0.32654
   1.00000   0.59771   0.31487
   1.00000   0.57777   0.30315
   1.00000   0.55749   0.29139
   1.00000   0.53687   0.27958
   1.00000   0.51592   0.26773
   1.00000   0.49466   0.25584
   1.00000   0.48391   0.24988
   1.00000   0.45124   0.23195
   1.00000   0.42912   0.21995
   1.00000   0.40674   0.20791
   1.00000   0.38411   0.19584
   1.00000   0.36124   0.18375
   1.00000   0.33816   0.17163
   1.00000   0.31487   0.15948
   1.00000   0.29139   0.14730
   1.00000   0.26773   0.13510
   1.00000   0.24391   0.12289
   1.00000   0.21995   0.11065
   1.00000   0.19584   0.09840
   1.00000   0.17163   0.08613
   1.00000   0.14730   0.07385
   1.00000   0.12289   0.06156
   1.00000   0.11065   0.05541
   1.00000   0.07385   0.03695
   1.00000   0.04926   0.02464
   1.00000   0.02464   0.01232
   1.00000   0.00000   0.00000
