   1.00000   0.00000   0.00000
   1.00000   0.32030   0.00000
   1.00000   0.69091   0.00000
   1.00000   0.96791   0.00000
   0.69910   1.00000   0.00000
   0.32622   0.99657   0.00000
   0.04251   0.74080   0.22472
   0.00000   0.37848   0.72592
   0.00000   0.00358   1.00000
   0.10015   0.00000   1.00000
   0.60218   0.00000   0.84497
   0.79462   0.00000   0.63776
   1.00000   0.00000   0.00000
   1.00000   0.05606   0.00000
   1.00000   0.62106   0.00000
   1.00000   0.78749   0.00000
   0.77636   1.00000   0.00000
   0.39692   1.00000   0.00000
   0.22804   0.93595   0.00000
   0.00000   0.45553   0.63666
   0.00000   0.07508   0.99589
   0.18169   0.00000   1.00000
   0.34275   0.00000   1.00000
   0.90659   0.00000   0.49274
   1.00000   0.00000   0.00000
   1.00000   0.16639   0.00000
   1.00000   0.35818   0.00000
   1.00000   0.87323   0.00000
   0.85249   1.00000   0.00000
   0.47054   1.00000   0.00000
   0.29300   0.97836   0.00000
   0.00000   0.53124   0.54058
   0.00000   0.14931   0.94230
   0.12549   0.00000   1.00000
   0.45013   0.00000   0.97167
   0.83180   0.00000   0.59170
   1.00000   0.00000   0.05825
   1.00000   0.00000   0.00000
   1.00000   0.47280   0.00000
   1.00000   0.81691   0.00000
   0.92666   1.00000   0.00000
   0.54629   1.00000   0.00000
   0.19801   0.91286   0.00000
   0.00000   0.60480   0.43873
   0.00000   0.22547   0.87863
   0.00000   0.03979   1.00000
   0.37723   0.00000   1.00000
   0.75529   0.00000   0.68432
   1.00000   0.00000   0.17141
   1.00000   0.01947   0.00000
   1.00000   0.39598   0.00000
   1.00000   0.75538   0.00000
   0.99809   1.00000   0.00000
   0.81552   1.00000   0.00000
   0.26075   0.95850   0.00000
   0.00428   0.67542   0.33218
   0.00000   0.30275   0.80557
   0.03112   0.00000   1.00000
   0.30747   0.00000   1.00000
   0.67785   0.00000   0.76963
   1.00000   0.00000   0.28274
   1.00000   0.00000   0.00271
   1.00000   0.31845   0.00000
   1.00000   0.68929   0.00000
   1.00000   0.96693   0.00000
   0.70095   1.00000   0.00000
   0.32786   0.99741   0.00000
   0.04352   0.74235   0.22207
   0.00000   0.38032   0.72388
   0.00000   0.00524   1.00000
   0.24159   0.00000   1.00000
   0.60034   0.00000   0.84670
   0.97716   0.00000   0.39104
   1.00000   0.00000   0.00000
   1.00000   0.24104   0.00000
   1.00000   0.43362   0.00000
   1.00000   0.92262   0.00000
   0.77819   1.00000   0.00000
   0.39864   1.00000   0.00000
   0.08947   0.80486   0.10959
   0.00000   0.45735   0.63445
   0.00000   0.07682   0.99473
   0.18028   0.00000   1.00000
   0.52357   0.00000   0.91471
   0.90484   0.00000   0.49516
   1.00000   0.00000   0.00000
   1.00000   0.16459   0.00000
   1.00000   0.54633   0.00000
   1.00000   0.87196   0.00000
   0.85428   1.00000   0.00000
   0.47232   1.00000   0.00000
   0.29460   0.97929   0.00000
   0.00000   0.53302   0.53822
   0.00000   0.15110   0.94090
   0.12422   0.00000   1.00000
   0.44837   0.00000   0.97293
   0.83000   0.00000   0.59398
   1.00000   0.00000   0.06095
   1.00000   0.08991   0.00000
   1.00000   0.47099   0.00000
   1.00000   0.81550   0.00000
   0.92839   1.00000   0.00000
   0.54811   1.00000   0.00000
   0.19945   0.91402   0.00000
   0.00000   0.60652   0.43624
   0.00000   0.22730   0.87700
   0.07400   0.00000   1.00000
   0.20959   0.00000   1.00000
   0.75345   0.00000   0.68644
   1.00000   0.00000   0.17409
   1.00000   0.01779   0.00000
   1.00000   0.39414   0.00000
   1.00000   0.75385   0.00000
   0.99975   1.00000   0.00000
   0.62521   1.00000   0.00000
   0.26230   0.95951   0.00000
   0.00513   0.67706   0.32959
   0.00000   0.30459   0.80372
   0.03016   0.00000   1.00000
   0.30585   0.00000   1.00000
   0.67601   0.00000   0.77156
   1.00000   0.00000   0.28536
   1.00000   0.00000   0.00000
   1.00000   0.12609   0.00000
   1.00000   0.68767   0.00000
   1.00000   0.96595   0.00000
   0.70279   1.00000   0.00000
   0.32951   0.99826   0.00000
