   0.19477   0.21046   0.61046
   0.18431   0.23137   0.63137
   0.17386   0.25229   0.65229
   0.16340   0.27320   0.67320
   0.15294   0.29412   0.69412
   0.14248   0.31503   0.71503
   0.13203   0.33595   0.73595
   0.12157   0.35686   0.75686
   0.11111   0.37778   0.77778
   0.10588   0.38824   0.78824
   0.09020   0.41961   0.81961
   0.08497   0.43007   0.83007
   0.06928   0.46144   0.86144
   0.06405   0.47190   0.87190
   0.04837   0.50327   0.90327
   0.04314   0.51372   0.91373
   0.02745   0.54510   0.94510
   0.01699   0.56601   0.96601
   0.01177   0.57647   0.97647
   0.00000   0.60588   0.98235
   0.00000   0.62157   0.93529
   0.00000   0.63726   0.88823
   0.00000   0.64510   0.86471
   0.00000   0.66863   0.79412
   0.00000   0.68431   0.74706
   0.00000   0.70000   0.70000
   0.00000   0.70784   0.67647
   0.00000   0.73137   0.60588
   0.00000   0.74706   0.55882
   0.00000   0.76275   0.51177
   0.00000   0.77059   0.48823
   0.00000   0.79412   0.41765
   0.01961   0.80392   0.40392
   0.05098   0.81020   0.41020
   0.08235   0.81647   0.41647
   0.11372   0.82275   0.42274
   0.14510   0.82902   0.42902
   0.16078   0.83216   0.43216
   0.20784   0.84157   0.44157
   0.23922   0.84784   0.44784
   0.27059   0.85412   0.45412
   0.30196   0.86039   0.46039
   0.33333   0.86667   0.46667
   0.36471   0.87294   0.47294
   0.39608   0.87922   0.47922
   0.41177   0.88235   0.48235
   0.45882   0.89176   0.49176
   0.49020   0.89804   0.49804
   0.52157   0.90431   0.50431
   0.55294   0.91059   0.51059
   0.58431   0.91686   0.51686
   0.61569   0.92314   0.52314
   0.64706   0.92941   0.52941
   0.66274   0.93255   0.53255
   0.70980   0.94196   0.54196
   0.74118   0.94823   0.54823
   0.77255   0.95451   0.55451
   0.80392   0.96078   0.56078
   0.83529   0.96706   0.56706
   0.86667   0.97333   0.57333
   0.89804   0.97961   0.57961
   0.91373   0.98274   0.58275
   0.96078   0.99216   0.59216
   0.99216   0.99843   0.59843
   0.98823   0.98494   0.59365
   0.97255   0.96486   0.58518
   0.95686   0.94478   0.57671
   0.94118   0.92471   0.56823
   0.92549   0.90463   0.55976
   0.90980   0.88455   0.55129
   0.89412   0.86447   0.54282
   0.87843   0.84439   0.53435
   0.86274   0.82431   0.52588
   0.84706   0.80423   0.51741
   0.83137   0.78416   0.50894
   0.82353   0.77412   0.50471
   0.80000   0.74400   0.49200
   0.78431   0.72392   0.48353
   0.76863   0.70384   0.47506
   0.75294   0.68376   0.46659
   0.73725   0.66369   0.45812
   0.72157   0.64361   0.44965
   0.70588   0.62353   0.44118
   0.69020   0.60345   0.43271
   0.67451   0.58337   0.42423
   0.65882   0.56329   0.41576
   0.64314   0.54322   0.40729
   0.62745   0.52314   0.39882
   0.61177   0.50306   0.39035
   0.59608   0.48298   0.38188
   0.58039   0.46290   0.37341
   0.57255   0.45286   0.36918
   0.54902   0.42274   0.35647
   0.53333   0.40267   0.34800
   0.51765   0.38259   0.33953
   0.50196   0.36251   0.33106
   0.51372   0.37757   0.34839
   0.52941   0.39765   0.36941
   0.54510   0.41772   0.39043
   0.56078   0.43780   0.41145
   0.57647   0.45788   0.43247
   0.59216   0.47796   0.45349
   0.60784   0.49804   0.47451
   0.62353   0.51812   0.49553
   0.63922   0.53820   0.51655
   0.65490   0.55827   0.53757
   0.67059   0.57835   0.55859
   0.67843   0.58839   0.56910
   0.70196   0.61851   0.60063
   0.71765   0.63859   0.62165
   0.73333   0.65867   0.64267
   0.74902   0.67874   0.66369
   0.76471   0.69882   0.68471
   0.78039   0.71890   0.70573
   0.79608   0.73898   0.72675
   0.81177   0.75906   0.74777
   0.82745   0.77914   0.76878
   0.84314   0.79922   0.78980
   0.85882   0.81929   0.81082
   0.87451   0.83937   0.83184
   0.89020   0.85945   0.85286
   0.90588   0.87953   0.87388
   0.92157   0.89961   0.89490
   0.92941   0.90965   0.90541
   0.95294   0.93976   0.93694
   0.96863   0.95984   0.95796
   0.98431   0.97992   0.97898
   1.00000   1.00000   1.00000
