   0.99988   0.95820   0.93749
   0.99963   0.95303   0.93010
   0.99938   0.94787   0.92272
   0.99914   0.94270   0.91534
   0.99889   0.93753   0.90796
   0.99865   0.93236   0.90058
   0.99840   0.92720   0.89319
   0.99815   0.92203   0.88581
   0.99791   0.91686   0.87843
   0.99778   0.91428   0.87474
   0.99742   0.90653   0.86367
   0.99729   0.90395   0.85998
   0.99692   0.89619   0.84890
   0.99680   0.89361   0.84521
   0.99643   0.88586   0.83414
   0.99631   0.88328   0.83045
   0.99580   0.87331   0.81675
   0.99531   0.86421   0.80469
   0.99506   0.85965   0.79866
   0.99432   0.84600   0.78058
   0.99383   0.83689   0.76852
   0.99334   0.82779   0.75646
   0.99309   0.82324   0.75043
   0.99236   0.80958   0.73235
   0.99186   0.80048   0.72029
   0.99137   0.79137   0.70824
   0.99113   0.78682   0.70221
   0.99039   0.77316   0.68412
   0.98990   0.76406   0.67207
   0.98940   0.75496   0.66001
   0.98916   0.75040   0.65398
   0.98842   0.73675   0.63589
   0.98823   0.72703   0.62414
   0.98823   0.71694   0.61258
   0.98823   0.70685   0.60101
   0.98823   0.69676   0.58945
   0.98823   0.68667   0.57788
   0.98823   0.68163   0.57210
   0.98823   0.66650   0.55476
   0.98823   0.65641   0.54319
   0.98823   0.64632   0.53163
   0.98823   0.63623   0.52006
   0.98823   0.62614   0.50850
   0.98823   0.61606   0.49693
   0.98823   0.60597   0.48537
   0.98823   0.60092   0.47958
   0.98823   0.58579   0.46224
   0.98823   0.57570   0.45067
   0.98807   0.56578   0.44029
   0.98782   0.55594   0.43045
   0.98757   0.54610   0.42061
   0.98733   0.53626   0.41076
   0.98708   0.52641   0.40092
   0.98696   0.52149   0.39600
   0.98659   0.50673   0.38124
   0.98634   0.49689   0.37140
   0.98610   0.48704   0.36155
   0.98585   0.47720   0.35171
   0.98561   0.46736   0.34187
   0.98536   0.45752   0.33203
   0.98511   0.44767   0.32218
   0.98499   0.44275   0.31726
   0.98462   0.42799   0.30250
   0.98438   0.41815   0.29266
   0.98210   0.40701   0.28466
   0.97915   0.39545   0.27728
   0.97619   0.38388   0.26990
   0.97324   0.37232   0.26251
   0.97029   0.36075   0.25513
   0.96734   0.34919   0.24775
   0.96438   0.33762   0.24037
   0.96143   0.32606   0.23299
   0.95848   0.31449   0.22561
   0.95552   0.30293   0.21822
   0.95257   0.29136   0.21084
   0.95110   0.28558   0.20715
   0.94667   0.26823   0.19608
   0.94371   0.25667   0.18870
   0.94076   0.24511   0.18132
   0.93781   0.23354   0.17393
   0.93006   0.22437   0.16955
   0.92120   0.21576   0.16586
   0.91234   0.20715   0.16217
   0.90348   0.19854   0.15848
   0.89463   0.18993   0.15479
   0.88577   0.18132   0.15110
   0.87691   0.17270   0.14740
   0.86805   0.16409   0.14371
   0.85919   0.15548   0.14002
   0.85033   0.14687   0.13633
   0.84148   0.13826   0.13264
   0.83705   0.13395   0.13080
   0.82376   0.12103   0.12526
   0.81490   0.11242   0.12157
   0.80604   0.10381   0.11788
   0.79719   0.09519   0.11419
   0.78790   0.09218   0.11200
   0.77855   0.08997   0.11004
   0.76920   0.08775   0.10807
   0.75985   0.08554   0.10610
   0.75050   0.08332   0.10413
   0.74115   0.08111   0.10216
   0.73180   0.07889   0.10019
   0.72245   0.07668   0.09822
   0.71310   0.07446   0.09625
   0.70375   0.07225   0.09429
   0.69439   0.07004   0.09232
   0.68972   0.06893   0.09133
   0.67569   0.06561   0.08838
   0.66634   0.06339   0.08641
   0.65699   0.06118   0.08444
   0.64764   0.05896   0.08248
   0.63276   0.05536   0.08051
   0.61750   0.05167   0.07854
   0.60224   0.04798   0.07657
   0.58699   0.04429   0.07460
   0.57173   0.04060   0.07263
   0.55648   0.03691   0.07067
   0.54122   0.03322   0.06870
   0.52597   0.02953   0.06673
   0.51071   0.02584   0.06476
   0.49546   0.02214   0.06279
   0.48020   0.01845   0.06082
   0.47257   0.01661   0.05984
   0.44969   0.01107   0.05689
   0.43443   0.00738   0.05492
   0.41918   0.00369   0.05295
   0.40392   0.00000   0.05098
