   0.42907   0.00000   0.85504
   0.44798   0.00000   0.84747
   0.46690   0.00000   0.83991
   0.48630   0.00000   0.83283
   0.50648   0.00000   0.82653
   0.52666   0.00000   0.82022
   0.54754   0.00000   0.81321
   0.57024   0.00000   0.80438
   0.59294   0.00000   0.79556
   0.60429   0.00000   0.79114
   0.57486   0.03543   0.80005
   0.55909   0.05057   0.80509
   0.51019   0.09689   0.82084
   0.48118   0.11958   0.83093
   0.39417   0.18768   0.86119
   0.36517   0.21038   0.87128
   0.27815   0.27968   0.90155
   0.22015   0.32634   0.92172
   0.19114   0.34967   0.93181
   0.11156   0.41859   0.95995
   0.06238   0.46399   0.97761
   0.01319   0.50939   0.99526
   0.00000   0.53209   1.00000
   0.00000   0.60018   1.00000
   0.00000   0.64558   1.00000
   0.00000   0.69569   1.00000
   0.00000   0.72217   1.00000
   0.00000   0.80161   1.00000
   0.00000   0.85070   1.00000
   0.00000   0.89610   1.00000
   0.00000   0.91880   1.00000
   0.01472   0.97269   0.98528
   0.05129   0.98278   0.94871
   0.08786   0.99286   0.91214
   0.12701   1.00000   0.87299
   0.17241   1.00000   0.82759
   0.21781   1.00000   0.78219
   0.24051   1.00000   0.75949
   0.31010   1.00000   0.69140
   0.35675   1.00000   0.64600
   0.40286   1.00000   0.60180
   0.44195   1.00000   0.57279
   0.48105   1.00000   0.54379
   0.52014   1.00000   0.51479
   0.54708   1.00000   0.52587
   0.56032   1.00000   0.53218
   0.60005   1.00000   0.55110
   0.62437   1.00000   0.56263
   0.64833   1.00000   0.57398
   0.67229   1.00000   0.58533
   0.69532   1.00000   0.59668
   0.71802   1.00000   0.60803
   0.74072   1.00000   0.61938
   0.74919   0.99712   0.62505
   0.75108   0.96497   0.64208
   0.75234   0.94353   0.65343
   0.75228   0.92143   0.66478
   0.75102   0.89873   0.67612
   0.74976   0.87603   0.68747
   0.74902   0.85333   0.69882
   0.74902   0.83063   0.71017
   0.74902   0.81928   0.71585
   0.75325   0.79216   0.72826
   0.76712   0.79216   0.72448
   0.78099   0.79216   0.72069
   0.79659   0.79659   0.71396
   0.81928   0.81928   0.69504
   0.84198   0.84198   0.67612
   0.86468   0.86468   0.65732
   0.88738   0.88738   0.63966
   0.91008   0.91008   0.62201
   0.93278   0.93278   0.60435
   0.95425   0.95302   0.58301
   0.97569   0.97320   0.56157
   0.99712   0.99337   0.54013
   1.00000   0.98777   0.51880
   1.00000   0.95372   0.44314
   1.00000   0.93103   0.39270
   1.00000   0.90833   0.34321
   1.00000   0.88563   0.29403
   1.00000   0.86293   0.24484
   1.00000   0.83779   0.18914
   1.00000   0.81130   0.12987
   1.00000   0.78482   0.07060
   1.00000   0.76037   0.03569
   1.00000   0.73767   0.02182
   1.00000   0.71497   0.00795
   1.00000   0.69227   0.00000
   1.00000   0.66957   0.00000
   1.00000   0.64687   0.00000
   1.00000   0.62378   0.00000
   1.00000   0.61180   0.00000
   1.00000   0.57586   0.00000
   1.00000   0.55111   0.00000
   1.00000   0.52337   0.00000
   1.00000   0.49562   0.00000
   1.00000   0.46616   0.00000
   1.00000   0.42076   0.00000
   1.00000   0.37536   0.00000
   1.00000   0.32996   0.00000
   1.00000   0.27585   0.00000
   1.00000   0.22162   0.00000
   1.00000   0.16740   0.00000
   1.00000   0.12092   0.00000
   1.00000   0.07553   0.00000
   1.00000   0.03013   0.00000
   0.99128   0.01476   0.03585
   0.98561   0.01161   0.05918
   0.96858   0.00215   0.12917
   0.95640   0.00000   0.17998
   0.94379   0.00000   0.23294
   0.93118   0.00000   0.28591
   0.91926   0.00000   0.33956
   0.90791   0.00000   0.39379
   0.89656   0.00000   0.44801
   0.88134   0.00000   0.48563
   0.86116   0.00000   0.50202
   0.84098   0.00000   0.51842
   0.81458   0.00000   0.50865
   0.77549   0.00000   0.44560
   0.73639   0.00000   0.38254
   0.69868   0.00000   0.32171
   0.66590   0.00000   0.26874
   0.64950   0.00000   0.24226
   0.60032   0.00000   0.16268
   0.56754   0.00000   0.10845
   0.53475   0.00000   0.05423
   0.50196   0.00000   0.00000
