   0.03660   0.00000   0.04183
   0.10981   0.00000   0.12548
   0.18302   0.00000   0.20914
   0.25623   0.00000   0.29279
   0.32943   0.00000   0.37645
   0.40264   0.00000   0.46010
   0.46801   0.00000   0.53461
   0.47845   0.00000   0.54507
   0.48890   0.00000   0.55553
   0.49412   0.00000   0.56077
   0.50979   0.00000   0.57646
   0.51502   0.00000   0.58169
   0.53069   0.00000   0.59738
   0.51239   0.00000   0.60262
   0.38690   0.00000   0.61831
   0.34508   0.00000   0.62354
   0.21959   0.00000   0.63924
   0.13594   0.00000   0.64970
   0.09411   0.00000   0.65493
   0.00000   0.00000   0.67847
   0.00000   0.00000   0.70984
   0.00000   0.00000   0.74121
   0.00000   0.00000   0.75690
   0.00000   0.00000   0.80396
   0.00000   0.00000   0.83533
   0.00000   0.00000   0.86670
   0.00000   0.03660   0.86670
   0.00000   0.14642   0.86670
   0.00000   0.21962   0.86670
   0.00000   0.29283   0.86670
   0.00000   0.32943   0.86670
   0.00000   0.43925   0.86670
   0.00000   0.47977   0.86670
   0.00000   0.50068   0.86670
   0.00000   0.52159   0.86670
   0.00000   0.54250   0.86670
   0.00000   0.56341   0.86670
   0.00000   0.57386   0.86670
   0.00000   0.60262   0.85886
   0.00000   0.61308   0.82748
   0.00000   0.62354   0.79611
   0.00000   0.63400   0.76474
   0.00000   0.64447   0.73337
   0.00000   0.65493   0.70199
   0.00000   0.66539   0.67062
   0.00000   0.66670   0.65885
   0.00000   0.66670   0.62747
   0.00000   0.66670   0.60654
   0.00000   0.66670   0.58561
   0.00000   0.66670   0.56469
   0.00000   0.66670   0.54376
   0.00000   0.66147   0.49147
   0.00000   0.65101   0.40782
   0.00000   0.64578   0.36599
   0.00000   0.63008   0.24051
   0.00000   0.61962   0.15685
   0.00000   0.60915   0.07320
   0.00000   0.60261   0.00000
   0.00000   0.62352   0.00000
   0.00000   0.64443   0.00000
   0.00000   0.66534   0.00000
   0.00000   0.67580   0.00000
   0.00000   0.70716   0.00000
   0.00000   0.72807   0.00000
   0.00000   0.74899   0.00000
   0.00000   0.76992   0.00000
   0.00000   0.79084   0.00000
   0.00000   0.81177   0.00000
   0.00000   0.83270   0.00000
   0.00000   0.85362   0.00000
   0.00000   0.87454   0.00000
   0.00000   0.89545   0.00000
   0.00000   0.91636   0.00000
   0.00000   0.93727   0.00000
   0.00000   0.95818   0.00000
   0.00000   0.96864   0.00000
   0.00000   1.00000   0.00000
   0.11503   1.00000   0.00000
   0.23006   1.00000   0.00000
   0.34508   1.00000   0.00000
   0.46011   1.00000   0.00000
   0.57514   1.00000   0.00000
   0.69016   1.00000   0.00000
   0.75291   0.99346   0.00000
   0.78428   0.98300   0.00000
   0.81565   0.97254   0.00000
   0.84702   0.96207   0.00000
   0.87840   0.95161   0.00000
   0.90977   0.94115   0.00000
   0.93592   0.92807   0.00000
   0.94638   0.90716   0.00000
   0.95161   0.89671   0.00000
   0.96730   0.86534   0.00000
   0.97777   0.84443   0.00000
   0.98823   0.82352   0.00000
   0.99869   0.80261   0.00000
   1.00000   0.77255   0.00000
   1.00000   0.74118   0.00000
   1.00000   0.70980   0.00000
   1.00000   0.67843   0.00000
   1.00000   0.64706   0.00000
   1.00000   0.61569   0.00000
   1.00000   0.55294   0.00000
   1.00000   0.45882   0.00000
   1.00000   0.36471   0.00000
   1.00000   0.27059   0.00000
   1.00000   0.17647   0.00000
   1.00000   0.12941   0.00000
   0.99739   0.00000   0.00000
   0.97648   0.00000   0.00000
   0.95557   0.00000   0.00000
   0.93466   0.00000   0.00000
   0.91375   0.00000   0.00000
   0.89284   0.00000   0.00000
   0.87193   0.00000   0.00000
   0.85885   0.00000   0.00000
   0.84839   0.00000   0.00000
   0.83793   0.00000   0.00000
   0.82746   0.00000   0.00000
   0.81700   0.00000   0.00000
   0.80654   0.00000   0.00000
   0.80000   0.04706   0.04706
   0.80000   0.17255   0.17255
   0.80000   0.23529   0.23529
   0.80000   0.42353   0.42353
   0.80000   0.54902   0.54902
   0.80000   0.67451   0.67451
   0.80000   0.80000   0.80000
