   0.00784   0.00784   1.00000
   0.02353   0.02353   1.00000
   0.03922   0.03922   1.00000
   0.05490   0.05490   1.00000
   0.07059   0.07059   1.00000
   0.08627   0.08627   1.00000
   0.10196   0.10196   1.00000
   0.11765   0.11765   1.00000
   0.13333   0.13333   1.00000
   0.14118   0.14118   1.00000
   0.16471   0.16471   1.00000
   0.17255   0.17255   1.00000
   0.19608   0.19608   1.00000
   0.20392   0.20392   1.00000
   0.22745   0.22745   1.00000
   0.23529   0.23529   1.00000
   0.25882   0.25882   1.00000
   0.27451   0.27451   1.00000
   0.28235   0.28235   1.00000
   0.30588   0.30588   1.00000
   0.32157   0.32157   1.00000
   0.33726   0.33726   1.00000
   0.34510   0.34510   1.00000
   0.36863   0.36863   1.00000
   0.38431   0.38431   1.00000
   0.40000   0.40000   1.00000
   0.40784   0.40784   1.00000
   0.43137   0.43137   1.00000
   0.44706   0.44706   1.00000
   0.46275   0.46275   1.00000
   0.47059   0.47059   1.00000
   0.49412   0.49412   1.00000
   0.50980   0.50980   1.00000
   0.52549   0.52549   1.00000
   0.54118   0.54118   1.00000
   0.55686   0.55686   1.00000
   0.57255   0.57255   1.00000
   0.58039   0.58039   1.00000
   0.60392   0.60392   1.00000
   0.61961   0.61961   1.00000
   0.63529   0.63529   1.00000
   0.65098   0.65098   1.00000
   0.66667   0.66667   1.00000
   0.68235   0.68235   1.00000
   0.69804   0.69804   1.00000
   0.70588   0.70588   1.00000
   0.72941   0.72941   1.00000
   0.74510   0.74510   1.00000
   0.76078   0.76078   1.00000
   0.77647   0.77647   1.00000
   0.79216   0.79216   1.00000
   0.80784   0.80784   1.00000
   0.82353   0.82353   1.00000
   0.83137   0.83137   1.00000
   0.85490   0.85490   1.00000
   0.87059   0.87059   1.00000
   0.88627   0.88627   1.00000
   0.90196   0.90196   1.00000
   0.91765   0.91765   1.00000
   0.93333   0.93333   1.00000
   0.94902   0.94902   1.00000
   0.95686   0.95686   1.00000
   0.98039   0.98039   1.00000
   0.99608   0.99608   1.00000
   1.00000   0.98823   0.98823
   1.00000   0.97255   0.97255
   1.00000   0.95686   0.95686
   1.00000   0.94118   0.94118
   1.00000   0.92549   0.92549
   1.00000   0.90980   0.90980
   1.00000   0.89412   0.89412
   1.00000   0.87843   0.87843
   1.00000   0.86274   0.86274
   1.00000   0.84706   0.84706
   1.00000   0.83137   0.83137
   1.00000   0.82353   0.82353
   1.00000   0.80000   0.80000
   1.00000   0.78431   0.78431
   1.00000   0.76863   0.76863
   1.00000   0.75294   0.75294
   1.00000   0.73725   0.73725
   1.00000   0.72157   0.72157
   1.00000   0.70588   0.70588
   1.00000   0.69020   0.69020
   1.00000   0.67451   0.67451
   1.00000   0.65882   0.65882
   1.00000   0.64314   0.64314
   1.00000   0.62745   0.62745
   1.00000   0.61177   0.61177
   1.00000   0.59608   0.59608
   1.00000   0.58039   0.58039
   1.00000   0.57255   0.57255
   1.00000   0.54902   0.54902
   1.00000   0.53333   0.53333
   1.00000   0.51765   0.51765
   1.00000   0.50196   0.50196
   1.00000   0.48627   0.48627
   1.00000   0.47059   0.47059
   1.00000   0.45490   0.45490
   1.00000   0.43922   0.43922
   1.00000   0.42353   0.42353
   1.00000   0.40784   0.40784
   1.00000   0.39216   0.39216
   1.00000   0.37647   0.37647
   1.00000   0.36078   0.36078
   1.00000   0.34510   0.34510
   1.00000   0.32941   0.32941
   1.00000   0.32157   0.32157
   1.00000   0.29804   0.29804
   1.00000   0.28235   0.28235
   1.00000   0.26667   0.26667
   1.00000   0.25098   0.25098
   1.00000   0.23529   0.23529
   1.00000   0.21961   0.21961
   1.00000   0.20392   0.20392
   1.00000   0.18823   0.18823
   1.00000   0.17255   0.17255
   1.00000   0.15686   0.15686
   1.00000   0.14118   0.14118
   1.00000   0.12549   0.12549
   1.00000   0.10980   0.10980
   1.00000   0.09412   0.09412
   1.00000   0.07843   0.07843
   1.00000   0.07059   0.07059
   1.00000   0.04706   0.04706
   1.00000   0.03137   0.03137
   1.00000   0.01569   0.01569
   1.00000   0.00000   0.00000
