   0.97546   0.70896   0.68887
   0.95774   0.71511   0.70192
   0.94002   0.72126   0.71496
   0.92231   0.72741   0.72800
   0.90459   0.73356   0.74104
   0.88687   0.73972   0.75408
   0.86916   0.74587   0.76712
   0.85144   0.75202   0.78016
   0.83373   0.75817   0.79320
   0.82487   0.76125   0.79972
   0.79829   0.77047   0.81928
   0.78944   0.77355   0.82581
   0.76286   0.78278   0.84537
   0.75400   0.78585   0.85189
   0.72743   0.79508   0.87145
   0.71857   0.79816   0.87797
   0.70542   0.80807   0.88604
   0.71157   0.81546   0.87866
   0.71465   0.81915   0.87497
   0.72387   0.83022   0.86390
   0.73003   0.83760   0.85652
   0.73618   0.84498   0.84913
   0.73925   0.84867   0.84544
   0.74848   0.85975   0.83437
   0.75463   0.86713   0.82699
   0.76078   0.87451   0.81961
   0.76386   0.87820   0.81592
   0.77309   0.88927   0.80484
   0.77924   0.89666   0.79746
   0.78539   0.90404   0.79008
   0.78847   0.90773   0.78639
   0.79769   0.91880   0.77532
   0.80277   0.91665   0.77732
   0.80720   0.90877   0.78494
   0.81163   0.90090   0.79257
   0.81605   0.89303   0.80020
   0.82048   0.88515   0.80783
   0.82270   0.88121   0.81164
   0.82934   0.86940   0.82308
   0.83377   0.86153   0.83071
   0.83820   0.85366   0.83834
   0.84263   0.84578   0.84597
   0.84706   0.83791   0.85360
   0.85149   0.83003   0.86122
   0.85592   0.82216   0.86885
   0.85813   0.81822   0.87266
   0.86478   0.80641   0.88411
   0.86920   0.79854   0.89173
   0.87600   0.79845   0.88363
   0.88388   0.80189   0.86837
   0.89175   0.80534   0.85312
   0.89962   0.80878   0.83786
   0.90750   0.81223   0.82261
   0.91143   0.81395   0.81498
   0.92325   0.81912   0.79210
   0.93112   0.82256   0.77684
   0.93899   0.82600   0.76158
   0.94687   0.82945   0.74633
   0.95474   0.83289   0.73107
   0.96261   0.83634   0.71582
   0.97049   0.83978   0.70056
   0.97443   0.84151   0.69293
   0.98624   0.84667   0.67005
   0.99411   0.85012   0.65479
   0.99626   0.85799   0.65799
   0.99651   0.86734   0.66734
   0.99676   0.87669   0.67669
   0.99700   0.88604   0.68604
   0.99725   0.89539   0.69539
   0.99749   0.90474   0.70474
   0.99774   0.91409   0.71409
   0.99799   0.92344   0.72344
   0.99823   0.93279   0.73280
   0.99848   0.94214   0.74215
   0.99872   0.95150   0.75150
   0.99885   0.95617   0.75617
   0.99922   0.97020   0.77020
   0.99946   0.97955   0.77955
   0.99971   0.98890   0.78890
   0.99995   0.99825   0.79825
   0.99480   0.99220   0.79700
   0.98840   0.98261   0.79331
   0.98201   0.97301   0.78962
   0.97561   0.96341   0.78593
   0.96921   0.95382   0.78224
   0.96281   0.94422   0.77855
   0.95642   0.93463   0.77486
   0.95002   0.92503   0.77117
   0.94362   0.91543   0.76747
   0.93722   0.90584   0.76378
   0.93083   0.89624   0.76009
   0.92763   0.89144   0.75825
   0.91803   0.87705   0.75271
   0.91163   0.86745   0.74902
   0.90524   0.85786   0.74533
   0.89884   0.84826   0.74164
   0.90321   0.84749   0.75130
   0.90911   0.84798   0.76286
   0.91502   0.84847   0.77443
   0.92092   0.84897   0.78599
   0.92683   0.84946   0.79756
   0.93273   0.84995   0.80912
   0.93864   0.85044   0.82068
   0.94454   0.85093   0.83225
   0.95045   0.85143   0.84381
   0.95635   0.85192   0.85538
   0.96226   0.85241   0.86694
   0.96521   0.85266   0.87273
   0.97407   0.85339   0.89007
   0.97998   0.85389   0.90164
   0.98588   0.85438   0.91320
   0.99179   0.85487   0.92477
   0.98962   0.86044   0.92687
   0.98691   0.86634   0.92835
   0.98421   0.87225   0.92983
   0.98150   0.87815   0.93130
   0.97879   0.88406   0.93278
   0.97609   0.88996   0.93426
   0.97338   0.89587   0.93573
   0.97067   0.90178   0.93721
   0.96797   0.90768   0.93868
   0.96526   0.91359   0.94016
   0.96255   0.91949   0.94164
   0.96120   0.92244   0.94238
   0.95714   0.93130   0.94459
   0.95443   0.93721   0.94607
   0.95173   0.94311   0.94754
   0.94902   0.94902   0.94902
