   0.99778   0.99914   0.84606
   0.99336   0.99742   0.83622
   0.98893   0.99569   0.82637
   0.98450   0.99397   0.81653
   0.98007   0.99225   0.80669
   0.97564   0.99053   0.79685
   0.97121   0.98880   0.78701
   0.96678   0.98708   0.77716
   0.96235   0.98536   0.76732
   0.96014   0.98450   0.76240
   0.95350   0.98191   0.74764
   0.95128   0.98105   0.74271
   0.94464   0.97847   0.72795
   0.94242   0.97761   0.72303
   0.93578   0.97502   0.70827
   0.93356   0.97416   0.70335
   0.92415   0.97047   0.69453
   0.91480   0.96678   0.69527
   0.91013   0.96494   0.69564
   0.89610   0.95940   0.69675
   0.88675   0.95571   0.69749
   0.87740   0.95202   0.69822
   0.87273   0.95017   0.69859
   0.85870   0.94464   0.69970
   0.84935   0.94095   0.70044
   0.84000   0.93726   0.70118
   0.83533   0.93541   0.70155
   0.82130   0.92987   0.70265
   0.81195   0.92618   0.70339
   0.80260   0.92249   0.70413
   0.79792   0.92065   0.70450
   0.78390   0.91511   0.70561
   0.76932   0.90942   0.70696
   0.75160   0.90253   0.70868
   0.73389   0.89564   0.71040
   0.71617   0.88875   0.71213
   0.69845   0.88186   0.71385
   0.68960   0.87842   0.71471
   0.66302   0.86808   0.71729
   0.64531   0.86119   0.71902
   0.62759   0.85430   0.72074
   0.60987   0.84741   0.72246
   0.59216   0.84052   0.72418
   0.57444   0.83363   0.72591
   0.55672   0.82674   0.72763
   0.54787   0.82330   0.72849
   0.52129   0.81296   0.73107
   0.50358   0.80607   0.73280
   0.48755   0.80003   0.73486
   0.47229   0.79437   0.73707
   0.45704   0.78871   0.73928
   0.44178   0.78305   0.74150
   0.42653   0.77739   0.74371
   0.41890   0.77456   0.74482
   0.39602   0.76608   0.74814
   0.38076   0.76042   0.75036
   0.36551   0.75476   0.75257
   0.35025   0.74910   0.75479
   0.33499   0.74344   0.75700
   0.31974   0.73778   0.75922
   0.30448   0.73212   0.76143
   0.29686   0.72929   0.76254
   0.27397   0.72080   0.76586
   0.25872   0.71514   0.76807
   0.24826   0.70690   0.76789
   0.23940   0.69779   0.76691
   0.23054   0.68869   0.76592
   0.22168   0.67958   0.76494
   0.21283   0.67048   0.76395
   0.20397   0.66138   0.76297
   0.19511   0.65227   0.76198
   0.18625   0.64317   0.76100
   0.17739   0.63406   0.76002
   0.16853   0.62496   0.75903
   0.15968   0.61585   0.75805
   0.15525   0.61130   0.75756
   0.14196   0.59765   0.75608
   0.13310   0.58854   0.75509
   0.12425   0.57944   0.75411
   0.11539   0.57033   0.75313
   0.11473   0.55843   0.74814
   0.11596   0.54588   0.74224
   0.11719   0.53333   0.73633
   0.11842   0.52078   0.73043
   0.11965   0.50823   0.72452
   0.12088   0.49569   0.71862
   0.12211   0.48314   0.71271
   0.12334   0.47059   0.70680
   0.12457   0.45804   0.70090
   0.12580   0.44549   0.69499
   0.12703   0.43294   0.68909
   0.12764   0.42667   0.68614
   0.12949   0.40784   0.67728
   0.13072   0.39529   0.67137
   0.13195   0.38274   0.66547
   0.13318   0.37020   0.65956
   0.13398   0.35958   0.65452
   0.13472   0.34925   0.64960
   0.13546   0.33892   0.64468
   0.13619   0.32858   0.63975
   0.13693   0.31825   0.63483
   0.13767   0.30791   0.62991
   0.13841   0.29758   0.62499
   0.13915   0.28724   0.62007
   0.13988   0.27691   0.61515
   0.14062   0.26657   0.61023
   0.14136   0.25624   0.60531
   0.14173   0.25107   0.60285
   0.14284   0.23557   0.59546
   0.14358   0.22524   0.59054
   0.14431   0.21490   0.58562
   0.14505   0.20457   0.58070
   0.13841   0.19862   0.56655
   0.13127   0.19296   0.55179
   0.12414   0.18730   0.53702
   0.11700   0.18164   0.52226
   0.10987   0.17598   0.50750
   0.10273   0.17032   0.49273
   0.09559   0.16466   0.47797
   0.08846   0.15900   0.46321
   0.08132   0.15334   0.44844
   0.07419   0.14768   0.43368
   0.06705   0.14202   0.41892
   0.06348   0.13919   0.41153
   0.05278   0.13070   0.38939
   0.04564   0.12504   0.37462
   0.03851   0.11938   0.35986
   0.03137   0.11372   0.34510
