   1.00000   0.37841   0.20979
   1.00000   0.91849   0.77738
   0.80294   0.93247   1.00000
   0.23554   0.41236   1.00000
   0.00000   0.00000   0.81557
   0.00000   0.00000   0.24856
   0.17191   0.00000   0.00000
   0.73834   0.00000   0.00000
   1.00000   0.30902   0.15951
   1.00000   0.64593   0.43770
   0.85278   0.95660   1.00000
   0.57610   0.77520   1.00000
   0.00000   0.00000   0.86495
   0.00000   0.00000   0.58987
   0.12300   0.00000   0.00000
   0.39638   0.00000   0.00000
   1.00000   0.23794   0.11108
   1.00000   0.85022   0.67171
   1.00000   0.98620   0.93521
   0.34181   0.54205   1.00000
   0.00000   0.00000   0.91235
   0.00000   0.00000   0.35538
   0.00000   0.00000   0.08765
   0.63099   0.00000   0.00000
   1.00000   0.16555   0.06479
   1.00000   0.80902   0.61733
   1.00000   0.97128   0.88892
   0.39638   0.60264   1.00000
   0.00000   0.00000   0.95749
   0.00000   0.00000   0.41013
   0.00000   0.00000   0.13505
   0.57610   0.00000   0.00000
   1.00000   0.09227   0.02087
   1.00000   0.76340   0.56230
   0.98972   0.99727   1.00000
   0.45152   0.65992   1.00000
   0.00000   0.00000   1.00000
   0.00000   0.00000   0.75144
   0.00000   0.00000   0.00000
   0.52079   0.00000   0.00000
   1.00000   0.01848   0.00000
   1.00000   0.71361   0.50693
   1.00000   1.00000   1.00000
   0.50693   0.71361   1.00000
   0.00000   0.01848   1.00000
   0.00000   0.00000   0.80294
   0.00000   0.00000   0.00000
   0.46536   0.00000   0.00000
   1.00000   0.00000   0.00000
   1.00000   0.65992   0.45152
   1.00000   0.99727   0.98972
   0.56230   0.76340   1.00000
   0.02087   0.09227   1.00000
   0.00000   0.00000   0.85278
   0.00000   0.00000   0.03161
   0.41013   0.00000   0.00000
   0.95749   0.00000   0.00000
   1.00000   0.60264   0.39638
   1.00000   0.98909   0.94643
   0.61733   0.80902   1.00000
   0.06479   0.16555   1.00000
   0.00000   0.00000   0.90070
   0.00000   0.00000   0.07615
   0.35538   0.00000   0.00000
   0.91235   0.00000   0.00000
   1.00000   0.54205   0.34181
   1.00000   0.97551   0.90070
   0.67171   0.85022   1.00000
   0.11108   0.23794   1.00000
   0.00000   0.00000   0.68518
   0.00000   0.00000   0.12300
   0.30143   0.00000   0.00000
   0.86495   0.00000   0.00000
   1.00000   0.47851   0.28810
   1.00000   0.95660   0.85278
   0.97913   0.99573   1.00000
   0.15951   0.30902   1.00000
   0.00000   0.00000   0.73834
   0.00000   0.00000   0.17191
   0.24856   0.00000   0.00000
   0.81557   0.00000   0.00000
   1.00000   0.41236   0.23554
   1.00000   0.93247   0.80294
   0.77738   0.91849   1.00000
   0.20979   0.37841   1.00000
   0.00000   0.00000   0.79021
   0.00000   0.00000   0.22262
   0.19706   0.00000   0.00000
   0.76446   0.00000   0.00000
   1.00000   0.34395   0.18443
   1.00000   0.90325   0.75144
   1.00000   0.99846   1.00000
   0.26166   0.44574   1.00000
   0.00000   0.00000   0.84049
   0.00000   0.00000   0.27484
   0.14722   0.00000   0.00000
   0.71190   0.00000   0.00000
   1.00000   0.27366   0.13505
   1.00000   0.86909   0.69857
   0.87700   0.96672   1.00000
   0.31482   0.51063   1.00000
   0.00000   0.00000   0.88892
   0.00000   0.00000   0.32829
   0.09930   0.00000   0.00000
   0.65819   0.00000   0.00000
   1.00000   0.20188   0.08765
   1.00000   0.83018   0.64462
   1.00000   0.97941   0.91235
   0.36901   0.57274   1.00000
   0.00000   0.00000   0.93521
   0.00000   0.00000   0.38267
   0.05357   0.00000   0.00000
   0.60362   0.00000   0.00000
   1.00000   0.12900   0.04251
   1.00000   0.78675   0.58987
   0.96839   0.99386   1.00000
   0.42390   0.63171   1.00000
   0.00000   0.00000   0.97913
   0.00000   0.00000   0.43770
   0.01028   0.00000   0.00000
   0.54848   0.00000   0.00000
   1.00000   0.05541   0.00000
   1.00000   0.73901   0.53464
   1.00000   0.93899   0.81557
   0.47921   0.68724   1.00000
   0.00000   0.00000   1.00000
   0.00000   0.00000   0.49307
   0.00000   0.00000   0.00000
