   0.99766   0.96604   0.98296
   0.99299   0.96088   0.98025
   0.98831   0.95571   0.97755
   0.98364   0.95054   0.97484
   0.97896   0.94538   0.97213
   0.97429   0.94021   0.96943
   0.96961   0.93504   0.96672
   0.96494   0.92987   0.96401
   0.96026   0.92471   0.96131
   0.95792   0.92212   0.95995
   0.95091   0.91437   0.95589
   0.94857   0.91179   0.95454
   0.94156   0.90404   0.95048
   0.93922   0.90145   0.94913
   0.93221   0.89370   0.94507
   0.92987   0.89112   0.94371
   0.92162   0.88392   0.93979
   0.91473   0.87974   0.93733
   0.91128   0.87765   0.93610
   0.90095   0.87137   0.93241
   0.89406   0.86719   0.92995
   0.88717   0.86301   0.92749
   0.88372   0.86092   0.92626
   0.87339   0.85464   0.92257
   0.86650   0.85046   0.92011
   0.85961   0.84627   0.91765
   0.85616   0.84418   0.91642
   0.84583   0.83791   0.91273
   0.83894   0.83373   0.91027
   0.83205   0.82954   0.90781
   0.82860   0.82745   0.90657
   0.81827   0.82118   0.90288
   0.80923   0.81653   0.90027
   0.79889   0.81161   0.89756
   0.78856   0.80669   0.89486
   0.77822   0.80177   0.89215
   0.76789   0.79685   0.88944
   0.76272   0.79439   0.88809
   0.74722   0.78701   0.88403
   0.73689   0.78208   0.88132
   0.72655   0.77716   0.87862
   0.71622   0.77224   0.87591
   0.70588   0.76732   0.87320
   0.69555   0.76240   0.87050
   0.68521   0.75748   0.86779
   0.68005   0.75502   0.86644
   0.66454   0.74764   0.86238
   0.65421   0.74271   0.85967
   0.64032   0.73779   0.85679
   0.62482   0.73287   0.85384
   0.60932   0.72795   0.85089
   0.59382   0.72303   0.84794
   0.57832   0.71811   0.84498
   0.57056   0.71565   0.84351
   0.54731   0.70827   0.83908
   0.53181   0.70335   0.83613
   0.51631   0.69842   0.83317
   0.50081   0.69350   0.83022
   0.48531   0.68858   0.82727
   0.46980   0.68366   0.82431
   0.45430   0.67874   0.82136
   0.44655   0.67628   0.81989
   0.42330   0.66890   0.81546
   0.40780   0.66398   0.81250
   0.39488   0.65813   0.80900
   0.38282   0.65198   0.80531
   0.37077   0.64583   0.80161
   0.35871   0.63968   0.79792
   0.34665   0.63353   0.79423
   0.33459   0.62737   0.79054
   0.32254   0.62122   0.78685
   0.31048   0.61507   0.78316
   0.29842   0.60892   0.77947
   0.28637   0.60277   0.77578
   0.27431   0.59662   0.77209
   0.26828   0.59354   0.77024
   0.25020   0.58431   0.76471
   0.23814   0.57816   0.76101
   0.22608   0.57201   0.75732
   0.21403   0.56586   0.75363
   0.20137   0.56171   0.74215
   0.18857   0.55802   0.72886
   0.17578   0.55432   0.71557
   0.16298   0.55063   0.70228
   0.15019   0.54694   0.68900
   0.13739   0.54325   0.67571
   0.12460   0.53956   0.66242
   0.11180   0.53587   0.64913
   0.09901   0.53218   0.63585
   0.08621   0.52849   0.62256
   0.07342   0.52480   0.60927
   0.06702   0.52295   0.60263
   0.04783   0.51742   0.58270
   0.03503   0.51373   0.56941
   0.02224   0.51003   0.55612
   0.00944   0.50634   0.54284
   0.00763   0.50136   0.53063
   0.00738   0.49619   0.51857
   0.00714   0.49103   0.50651
   0.00689   0.48586   0.49446
   0.00664   0.48069   0.48240
   0.00640   0.47552   0.47034
   0.00615   0.47036   0.45829
   0.00591   0.46519   0.44623
   0.00566   0.46002   0.43417
   0.00541   0.45486   0.42211
   0.00517   0.44969   0.41006
   0.00504   0.44710   0.40403
   0.00467   0.43935   0.38594
   0.00443   0.43419   0.37389
   0.00418   0.42902   0.36183
   0.00394   0.42385   0.34977
   0.00392   0.41476   0.34095
   0.00392   0.40541   0.33233
   0.00392   0.39606   0.32372
   0.00392   0.38671   0.31511
   0.00392   0.37736   0.30650
   0.00392   0.36801   0.29789
   0.00392   0.35866   0.28927
   0.00392   0.34931   0.28066
   0.00392   0.33996   0.27205
   0.00392   0.33061   0.26344
   0.00392   0.32126   0.25482
   0.00392   0.31659   0.25052
   0.00392   0.30256   0.23760
   0.00392   0.29321   0.22899
   0.00392   0.28386   0.22038
   0.00392   0.27451   0.21177
