   0.41546   0.00369   0.12341
   0.43852   0.01107   0.12710
   0.46159   0.01845   0.13080
   0.48466   0.02584   0.13449
   0.50773   0.03322   0.13818
   0.53080   0.04060   0.14187
   0.55386   0.04798   0.14556
   0.57693   0.05536   0.14925
   0.60000   0.06274   0.15294
   0.61153   0.06644   0.15479
   0.64614   0.07751   0.16032
   0.65767   0.08120   0.16217
   0.69227   0.09227   0.16770
   0.70081   0.09965   0.17124
   0.71742   0.13287   0.18693
   0.72295   0.14394   0.19216
   0.73956   0.17716   0.20784
   0.75063   0.19931   0.21830
   0.75617   0.21038   0.22353
   0.77278   0.24360   0.23922
   0.78385   0.26574   0.24967
   0.79492   0.28789   0.26013
   0.80046   0.29896   0.26536
   0.81707   0.33218   0.28105
   0.82814   0.35432   0.29150
   0.83922   0.37647   0.30196
   0.84383   0.38708   0.31011
   0.85767   0.41892   0.33456
   0.86690   0.44014   0.35087
   0.87612   0.46136   0.36717
   0.88074   0.47197   0.37532
   0.89458   0.50381   0.39977
   0.90381   0.52503   0.41607
   0.91303   0.54625   0.43237
   0.92226   0.56747   0.44867
   0.93149   0.58870   0.46497
   0.94072   0.60992   0.48128
   0.94533   0.62053   0.48943
   0.95755   0.65121   0.51511
   0.96032   0.66782   0.53633
   0.96309   0.68443   0.55756
   0.96586   0.70104   0.57878
   0.96863   0.71765   0.60000
   0.97140   0.73426   0.62122
   0.97416   0.75086   0.64245
   0.97555   0.75917   0.65306
   0.97970   0.78408   0.68489
   0.98247   0.80069   0.70611
   0.98524   0.81730   0.72734
   0.98800   0.83391   0.74856
   0.99077   0.85052   0.76978
   0.99246   0.86436   0.78900
   0.99308   0.87543   0.80623
   0.99339   0.88097   0.81484
   0.99431   0.89758   0.84068
   0.99493   0.90865   0.85790
   0.99554   0.91972   0.87512
   0.99616   0.93080   0.89235
   0.99677   0.94187   0.90957
   0.99739   0.95294   0.92680
   0.99800   0.96401   0.94402
   0.99831   0.96955   0.95263
   0.99923   0.98616   0.97847
   0.99985   0.99723   0.99569
   0.99285   0.99285   0.99285
   0.98331   0.98331   0.98331
   0.97378   0.97378   0.97378
   0.96425   0.96425   0.96425
   0.95471   0.95471   0.95471
   0.94517   0.94517   0.94517
   0.93564   0.93564   0.93564
   0.92611   0.92611   0.92611
   0.91657   0.91657   0.91657
   0.90704   0.90704   0.90704
   0.89750   0.89750   0.89750
   0.89273   0.89273   0.89273
   0.87843   0.87843   0.87843
   0.86674   0.86674   0.86674
   0.85506   0.85506   0.85506
   0.84337   0.84337   0.84337
   0.83168   0.83168   0.83168
   0.81999   0.81999   0.81999
   0.80831   0.80831   0.80831
   0.79662   0.79662   0.79662
   0.78493   0.78493   0.78493
   0.77324   0.77324   0.77324
   0.76155   0.76155   0.76155
   0.74986   0.74986   0.74986
   0.73818   0.73818   0.73818
   0.72549   0.72549   0.72549
   0.70980   0.70980   0.70980
   0.70196   0.70196   0.70196
   0.67843   0.67843   0.67843
   0.66274   0.66274   0.66274
   0.64706   0.64706   0.64706
   0.63137   0.63137   0.63137
   0.61569   0.61569   0.61569
   0.60000   0.60000   0.60000
   0.58431   0.58431   0.58431
   0.56863   0.56863   0.56863
   0.55294   0.55294   0.55294
   0.53725   0.53725   0.53725
   0.52049   0.52049   0.52049
   0.50265   0.50265   0.50265
   0.48481   0.48481   0.48481
   0.46697   0.46697   0.46697
   0.44914   0.44914   0.44914
   0.44021   0.44021   0.44021
   0.41346   0.41346   0.41346
   0.39562   0.39562   0.39562
   0.37778   0.37778   0.37778
   0.35994   0.35994   0.35994
   0.34210   0.34210   0.34210
   0.32426   0.32426   0.32426
   0.30642   0.30642   0.30642
   0.29020   0.29020   0.29020
   0.27451   0.27451   0.27451
   0.25882   0.25882   0.25882
   0.24314   0.24314   0.24314
   0.22745   0.22745   0.22745
   0.21177   0.21177   0.21177
   0.19608   0.19608   0.19608
   0.18039   0.18039   0.18039
   0.17255   0.17255   0.17255
   0.14902   0.14902   0.14902
   0.13333   0.13333   0.13333
   0.11765   0.11765   0.11765
   0.10196   0.10196   0.10196
