   0.87283   0.11426   0.12900
   0.83026   0.13887   0.16738
   0.78770   0.16348   0.20577
   0.74513   0.18808   0.24415
   0.70256   0.21269   0.28254
   0.65999   0.23729   0.32092
   0.61742   0.26190   0.35931
   0.57486   0.28651   0.39769
   0.53229   0.31111   0.43608
   0.51100   0.32341   0.45527
   0.44715   0.36032   0.51285
   0.42587   0.37263   0.53204
   0.36202   0.40953   0.58962
   0.34073   0.42184   0.60881
   0.27688   0.45875   0.66639
   0.25559   0.47105   0.68558
   0.21873   0.50090   0.70634
   0.22414   0.51296   0.67928
   0.22685   0.51898   0.66574
   0.23497   0.53707   0.62514
   0.24038   0.54913   0.59808
   0.24580   0.56118   0.57101
   0.24850   0.56721   0.55748
   0.25662   0.58530   0.51688
   0.26204   0.59736   0.48981
   0.26745   0.60941   0.46275
   0.27016   0.61544   0.44921
   0.27828   0.63353   0.40861
   0.28369   0.64558   0.38155
   0.28910   0.65764   0.35448
   0.29181   0.66367   0.34095
   0.29993   0.68175   0.30035
   0.31350   0.67136   0.30388
   0.33195   0.64749   0.32578
   0.35040   0.62362   0.34768
   0.36886   0.59975   0.36958
   0.38731   0.57589   0.39148
   0.39654   0.56395   0.40243
   0.42422   0.52815   0.43528
   0.44268   0.50428   0.45718
   0.46113   0.48041   0.47908
   0.47958   0.45655   0.50098
   0.49804   0.43268   0.52288
   0.51649   0.40881   0.54478
   0.53495   0.38494   0.56667
   0.54418   0.37301   0.57762
   0.57186   0.33721   0.61047
   0.59031   0.31334   0.63237
   0.61350   0.31417   0.61164
   0.63885   0.32623   0.57153
   0.66419   0.33828   0.53143
   0.68954   0.35034   0.49132
   0.71488   0.36240   0.45121
   0.72755   0.36843   0.43116
   0.76557   0.38651   0.37100
   0.79091   0.39857   0.33089
   0.81625   0.41063   0.29078
   0.84160   0.42268   0.25067
   0.86694   0.43474   0.21057
   0.89229   0.44680   0.17046
   0.91763   0.45885   0.13035
   0.93030   0.46488   0.11030
   0.96832   0.48297   0.05014
   0.99366   0.49503   0.01003
   1.00000   0.52166   0.00941
   1.00000   0.55316   0.02196
   1.00000   0.58465   0.03451
   1.00000   0.61615   0.04706
   1.00000   0.64764   0.05961
   1.00000   0.67914   0.07216
   1.00000   0.71063   0.08471
   1.00000   0.74213   0.09725
   1.00000   0.77363   0.10980
   1.00000   0.80512   0.12235
   1.00000   0.83662   0.13490
   1.00000   0.85236   0.14118
   1.00000   0.89961   0.16000
   1.00000   0.93110   0.17255
   1.00000   0.96260   0.18510
   1.00000   0.99410   0.19765
   0.98221   0.96621   0.19780
   0.96031   0.92463   0.19509
   0.93841   0.88305   0.19239
   0.91651   0.84146   0.18968
   0.89461   0.79988   0.18697
   0.87271   0.75829   0.18427
   0.85081   0.71671   0.18156
   0.82891   0.67513   0.17885
   0.80701   0.63354   0.17615
   0.78511   0.59196   0.17344
   0.76321   0.55037   0.17073
   0.75226   0.52958   0.16938
   0.71942   0.46720   0.16532
   0.69752   0.42562   0.16261
   0.67562   0.38404   0.15991
   0.65372   0.34245   0.15720
   0.66842   0.34651   0.18937
   0.68835   0.35709   0.22653
   0.70828   0.36767   0.26368
   0.72821   0.37826   0.30084
   0.74814   0.38884   0.33799
   0.76807   0.39942   0.37515
   0.78800   0.41000   0.41230
   0.80793   0.42058   0.44946
   0.82787   0.43116   0.48661
   0.84780   0.44174   0.52377
   0.86773   0.45232   0.56092
   0.87769   0.45761   0.57950
   0.90759   0.47348   0.63523
   0.92752   0.48406   0.67239
   0.94745   0.49464   0.70954
   0.96738   0.50522   0.74670
   0.94694   0.51142   0.74025
   0.92381   0.51732   0.73090
   0.90068   0.52323   0.72155
   0.87756   0.52913   0.71220
   0.85443   0.53504   0.70285
   0.83130   0.54095   0.69350
   0.80817   0.54685   0.68415
   0.78504   0.55276   0.67480
   0.76191   0.55866   0.66545
   0.73878   0.56457   0.65610
   0.71565   0.57047   0.64675
   0.70408   0.57343   0.64208
   0.66939   0.58228   0.62805
   0.64626   0.58819   0.61870
   0.62313   0.59409   0.60935
   0.60000   0.60000   0.60000
