   0.00484   0.00306   0.00195
   0.01453   0.00919   0.00585
   0.02422   0.01532   0.00975
   0.03391   0.02145   0.01366
   0.04360   0.02757   0.01756
   0.05329   0.03370   0.02146
   0.06298   0.03983   0.02536
   0.07266   0.04595   0.02926
   0.08235   0.05208   0.03317
   0.08720   0.05514   0.03512
   0.10173   0.06433   0.04097
   0.10657   0.06740   0.04292
   0.12111   0.07659   0.04877
   0.12595   0.07965   0.05073
   0.14048   0.08884   0.05658
   0.14533   0.09191   0.05853
   0.15986   0.10110   0.06438
   0.16955   0.10722   0.06828
   0.17439   0.11029   0.07023
   0.18893   0.11948   0.07609
   0.19862   0.12561   0.07999
   0.20830   0.13173   0.08389
   0.21315   0.13479   0.08584
   0.22768   0.14399   0.09170
   0.23737   0.15011   0.09560
   0.24706   0.15624   0.09950
   0.25190   0.15930   0.10145
   0.26644   0.16849   0.10730
   0.27613   0.17462   0.11121
   0.28581   0.18075   0.11511
   0.29066   0.18381   0.11706
   0.30519   0.19300   0.12291
   0.31488   0.19913   0.12681
   0.32457   0.20526   0.13072
   0.33426   0.21138   0.13462
   0.34394   0.21751   0.13852
   0.35363   0.22364   0.14242
   0.35848   0.22670   0.14437
   0.37301   0.23589   0.15022
   0.38270   0.24202   0.15413
   0.39239   0.24815   0.15803
   0.40208   0.25427   0.16193
   0.41177   0.26040   0.16583
   0.42145   0.26653   0.16973
   0.43114   0.27265   0.17364
   0.43599   0.27572   0.17559
   0.45052   0.28491   0.18144
   0.46021   0.29103   0.18534
   0.46990   0.29716   0.18925
   0.47958   0.30329   0.19315
   0.48927   0.30942   0.19705
   0.49896   0.31554   0.20095
   0.50865   0.32167   0.20485
   0.51350   0.32473   0.20680
   0.52803   0.33393   0.21266
   0.53772   0.34005   0.21656
   0.54741   0.34618   0.22046
   0.55709   0.35231   0.22436
   0.56678   0.35843   0.22827
   0.57647   0.36456   0.23217
   0.58616   0.37069   0.23607
   0.59100   0.37375   0.23802
   0.60554   0.38294   0.24387
   0.61523   0.38907   0.24778
   0.62491   0.39520   0.25168
   0.63460   0.40132   0.25558
   0.64429   0.40745   0.25948
   0.65398   0.41358   0.26338
   0.66367   0.41970   0.26728
   0.67336   0.42583   0.27119
   0.68305   0.43196   0.27509
   0.69273   0.43808   0.27899
   0.70242   0.44421   0.28289
   0.71211   0.45034   0.28679
   0.72180   0.45647   0.29070
   0.72664   0.45953   0.29265
   0.74118   0.46872   0.29850
   0.75086   0.47485   0.30240
   0.76055   0.48097   0.30630
   0.77024   0.48710   0.31021
   0.77993   0.49323   0.31411
   0.78962   0.49935   0.31801
   0.79931   0.50548   0.32191
   0.80900   0.51161   0.32581
   0.81868   0.51774   0.32972
   0.82837   0.52386   0.33362
   0.83806   0.52999   0.33752
   0.84775   0.53612   0.34142
   0.85744   0.54224   0.34532
   0.86713   0.54837   0.34923
   0.87682   0.55450   0.35313
   0.88166   0.55756   0.35508
   0.89619   0.56675   0.36093
   0.90588   0.57288   0.36483
   0.91557   0.57901   0.36873
   0.92526   0.58513   0.37264
   0.93495   0.59126   0.37654
   0.94464   0.59739   0.38044
   0.95433   0.60352   0.38434
   0.96401   0.60964   0.38824
   0.97370   0.61577   0.39215
   0.98339   0.62190   0.39605
   0.99308   0.62802   0.39995
   1.00000   0.63415   0.40385
   1.00000   0.64028   0.40775
   1.00000   0.64640   0.41166
   1.00000   0.65253   0.41556
   1.00000   0.65560   0.41751
   1.00000   0.66479   0.42336
   1.00000   0.67091   0.42726
   1.00000   0.67704   0.43117
   1.00000   0.68317   0.43507
   1.00000   0.68929   0.43897
   1.00000   0.69542   0.44287
   1.00000   0.70155   0.44677
   1.00000   0.70767   0.45068
   1.00000   0.71380   0.45458
   1.00000   0.71993   0.45848
   1.00000   0.72606   0.46238
   1.00000   0.73218   0.46628
   1.00000   0.73831   0.47019
   1.00000   0.74444   0.47409
   1.00000   0.75056   0.47799
   1.00000   0.75363   0.47994
   1.00000   0.76282   0.48579
   1.00000   0.76895   0.48970
   1.00000   0.77507   0.49360
   1.00000   0.78120   0.49750
