   0.57223   0.83489   0.77701
   0.61080   0.84978   0.77024
   0.64937   0.86467   0.76348
   0.68793   0.87955   0.75671
   0.72650   0.89444   0.74994
   0.76508   0.90933   0.74318
   0.80365   0.92421   0.73641
   0.84222   0.93910   0.72964
   0.88078   0.95399   0.72288
   0.90007   0.96143   0.71949
   0.95792   0.98376   0.70934
   0.97721   0.99120   0.70596
   0.98001   0.97878   0.71396
   0.96901   0.96710   0.72055
   0.93603   0.93209   0.74035
   0.92503   0.92041   0.74694
   0.89204   0.88540   0.76674
   0.87005   0.86205   0.77993
   0.85905   0.85038   0.78653
   0.82607   0.81536   0.80632
   0.80408   0.79202   0.81952
   0.78208   0.76867   0.83271
   0.77109   0.75700   0.83931
   0.75166   0.72317   0.84371
   0.77230   0.70354   0.80852
   0.79294   0.68392   0.77333
   0.80326   0.67411   0.75574
   0.83422   0.64468   0.70296
   0.85486   0.62505   0.66777
   0.87549   0.60543   0.63259
   0.88581   0.59562   0.61499
   0.91677   0.56618   0.56221
   0.93741   0.54656   0.52703
   0.95805   0.52694   0.49184
   0.97869   0.50731   0.45665
   0.95405   0.51402   0.47093
   0.91243   0.53060   0.50375
   0.89163   0.53888   0.52015
   0.82920   0.56375   0.56938
   0.78759   0.58033   0.60220
   0.74598   0.59691   0.63502
   0.70436   0.61349   0.66783
   0.66274   0.63007   0.70065
   0.62113   0.64664   0.73347
   0.57952   0.66322   0.76629
   0.55871   0.67151   0.78270
   0.50773   0.69426   0.82224
   0.55002   0.69527   0.78401
   0.59231   0.69629   0.74577
   0.63460   0.69730   0.70754
   0.67689   0.69832   0.66931
   0.71918   0.69933   0.63108
   0.76148   0.70035   0.59285
   0.78262   0.70085   0.57373
   0.84606   0.70238   0.51639
   0.88835   0.70339   0.47815
   0.93064   0.70441   0.43992
   0.97293   0.70542   0.40169
   0.97850   0.71363   0.38561
   0.95346   0.72784   0.38797
   0.92843   0.74205   0.39034
   0.91591   0.74916   0.39153
   0.87835   0.77047   0.39508
   0.85332   0.78468   0.39745
   0.82828   0.79889   0.39981
   0.80325   0.81310   0.40218
   0.77821   0.82731   0.40455
   0.75317   0.84152   0.40692
   0.72813   0.85573   0.40929
   0.70310   0.86994   0.41166
   0.72554   0.86510   0.45181
   0.75024   0.85935   0.49376
   0.77493   0.85360   0.53572
   0.79963   0.84784   0.57767
   0.82433   0.84209   0.61962
   0.83668   0.83922   0.64060
   0.87372   0.83059   0.70353
   0.89842   0.82484   0.74548
   0.92312   0.81909   0.78744
   0.94782   0.81333   0.82939
   0.97252   0.80758   0.87134
   0.98393   0.80540   0.89656
   0.97209   0.80946   0.89250
   0.96025   0.81352   0.88844
   0.94840   0.81758   0.88438
   0.93656   0.82164   0.88032
   0.92472   0.82570   0.87626
   0.91288   0.82976   0.87220
   0.90104   0.83382   0.86814
   0.88920   0.83788   0.86408
   0.87735   0.84194   0.86002
   0.87143   0.84397   0.85799
   0.85367   0.85006   0.85190
   0.84340   0.82771   0.84366
   0.83359   0.79760   0.83419
   0.82377   0.76749   0.82471
   0.81396   0.73738   0.81524
   0.80415   0.70727   0.80577
   0.79434   0.67716   0.79629
   0.78453   0.64704   0.78682
   0.77472   0.61693   0.77735
   0.76491   0.58682   0.76787
   0.75509   0.55671   0.75840
   0.74528   0.52660   0.74893
   0.73824   0.50854   0.74167
   0.74365   0.54474   0.74437
   0.74907   0.58095   0.74708
   0.75177   0.59905   0.74844
   0.75989   0.65335   0.75249
   0.76531   0.68955   0.75520
   0.77072   0.72575   0.75791
   0.77613   0.76195   0.76061
   0.78155   0.79816   0.76332
   0.78696   0.83436   0.76603
   0.79237   0.87056   0.76873
   0.79778   0.90676   0.77144
   0.81020   0.92197   0.75536
   0.82745   0.92264   0.72626
   0.84471   0.92332   0.69716
   0.86196   0.92400   0.66807
   0.87922   0.92467   0.63897
   0.89647   0.92535   0.60987
   0.91373   0.92603   0.58078
   0.92235   0.92637   0.56623
   0.94823   0.92738   0.52258
   0.96549   0.92806   0.49349
   0.98274   0.92874   0.46439
   1.00000   0.92941   0.43529
