   0.70993   0.88401   0.80037
   0.72586   0.87949   0.79326
   0.74179   0.87497   0.78616
   0.75772   0.87045   0.77905
   0.77366   0.86593   0.77195
   0.78959   0.86141   0.76484
   0.80552   0.85689   0.75774
   0.82145   0.85236   0.75063
   0.83739   0.84784   0.74353
   0.84535   0.84558   0.73998
   0.86925   0.83880   0.72932
   0.87722   0.83654   0.72577
   0.90112   0.82976   0.71511
   0.90908   0.82750   0.71156
   0.93298   0.82072   0.70090
   0.94095   0.81845   0.69735
   0.96484   0.81167   0.68669
   0.98078   0.80715   0.67958
   0.98874   0.80489   0.67603
   0.97832   0.80614   0.69112
   0.96755   0.80786   0.70404
   0.95679   0.80958   0.71696
   0.95140   0.81044   0.72341
   0.93526   0.81303   0.74279
   0.92449   0.81475   0.75571
   0.91373   0.81647   0.76863
   0.90834   0.81733   0.77509
   0.89219   0.81991   0.79446
   0.88143   0.82164   0.80738
   0.87067   0.82336   0.82030
   0.86528   0.82422   0.82676
   0.84913   0.82680   0.84614
   0.83837   0.82853   0.85905
   0.82761   0.83025   0.87197
   0.81684   0.83197   0.88489
   0.80607   0.83369   0.89781
   0.79671   0.83513   0.90974
   0.80112   0.83394   0.90931
   0.81436   0.83039   0.90802
   0.82319   0.82802   0.90716
   0.83202   0.82565   0.90630
   0.84085   0.82328   0.90544
   0.84967   0.82091   0.90457
   0.85850   0.81855   0.90371
   0.86733   0.81618   0.90285
   0.87174   0.81499   0.90242
   0.88498   0.81144   0.90113
   0.89381   0.80907   0.90027
   0.90264   0.80670   0.89941
   0.91146   0.80434   0.89855
   0.92029   0.80197   0.89769
   0.92912   0.79960   0.89682
   0.93795   0.79723   0.89596
   0.94236   0.79605   0.89553
   0.95560   0.79250   0.89424
   0.95428   0.80009   0.88914
   0.95126   0.80935   0.88332
   0.94825   0.81861   0.87751
   0.94524   0.82787   0.87170
   0.94222   0.83712   0.86588
   0.93921   0.84638   0.86007
   0.93770   0.85101   0.85716
   0.93318   0.86490   0.84844
   0.93016   0.87416   0.84263
   0.92715   0.88341   0.83682
   0.92414   0.89267   0.83100
   0.92112   0.90193   0.82519
   0.91811   0.91119   0.81938
   0.91509   0.92045   0.81356
   0.91208   0.92970   0.80775
   0.90907   0.93896   0.80194
   0.90605   0.94822   0.79612
   0.90304   0.95748   0.79031
   0.90542   0.96037   0.78450
   0.91080   0.95972   0.77868
   0.91350   0.95940   0.77578
   0.92157   0.95843   0.76706
   0.92695   0.95779   0.76125
   0.93233   0.95714   0.75543
   0.93772   0.95649   0.74962
   0.94310   0.95585   0.74381
   0.94848   0.95520   0.73799
   0.95386   0.95456   0.73218
   0.95925   0.95391   0.72637
   0.96463   0.95326   0.72055
   0.97001   0.95262   0.71474
   0.97539   0.95197   0.70893
   0.98078   0.95133   0.70311
   0.98616   0.95068   0.69730
   0.99154   0.95003   0.69149
   0.99692   0.94939   0.68568
   0.99962   0.94907   0.68277
   0.99569   0.94410   0.69158
   0.99268   0.94065   0.69804
   0.98967   0.93721   0.70450
   0.98665   0.93376   0.71096
   0.98364   0.93032   0.71742
   0.98062   0.92687   0.72387
   0.97761   0.92343   0.73033
   0.97459   0.91998   0.73679
   0.97158   0.91654   0.74325
   0.96857   0.91309   0.74971
   0.96555   0.90965   0.75617
   0.96254   0.90620   0.76263
   0.95952   0.90276   0.76909
   0.95651   0.89932   0.77555
   0.95350   0.89587   0.78201
   0.95199   0.89415   0.78524
   0.94747   0.88898   0.79492
   0.94339   0.88526   0.80000
   0.93542   0.88052   0.80000
   0.92746   0.87579   0.80000
   0.91949   0.87105   0.80000
   0.91153   0.86631   0.80000
   0.90356   0.86158   0.80000
   0.89559   0.85684   0.80000
   0.88763   0.85210   0.80000
   0.87966   0.84737   0.80000
   0.87170   0.84263   0.80000
   0.86373   0.83789   0.80000
   0.85576   0.83316   0.80000
   0.84780   0.82842   0.80000
   0.83983   0.82368   0.80000
   0.83585   0.82131   0.80000
   0.82390   0.81421   0.80000
   0.81593   0.80947   0.80000
   0.80797   0.80474   0.80000
   0.80000   0.80000   0.80000
