   0.00000   0.00000   0.01569
   0.00000   0.00000   0.04706
   0.00000   0.00000   0.07843
   0.00000   0.00000   0.10980
   0.00000   0.00000   0.14118
   0.00000   0.00000   0.17255
   0.00000   0.00000   0.20392
   0.00000   0.00000   0.23529
   0.00000   0.00000   0.26667
   0.00000   0.00000   0.28235
   0.00000   0.00000   0.32941
   0.00000   0.00000   0.34510
   0.00000   0.00000   0.39216
   0.00000   0.00000   0.40784
   0.00000   0.00000   0.45490
   0.00000   0.00000   0.47059
   0.00000   0.00000   0.51765
   0.00000   0.00000   0.54902
   0.00000   0.00000   0.56471
   0.00000   0.00000   0.61177
   0.00000   0.00000   0.64314
   0.00000   0.00000   0.67451
   0.00000   0.00000   0.69020
   0.00000   0.00000   0.73725
   0.00000   0.00000   0.76863
   0.00000   0.00000   0.80000
   0.00000   0.00000   0.81569
   0.00000   0.00000   0.86274
   0.00000   0.00000   0.89412
   0.00000   0.00000   0.92549
   0.00000   0.00000   0.94118
   0.00000   0.00000   0.98823
   0.01532   0.00000   1.00000
   0.03983   0.00000   1.00000
   0.06434   0.00000   1.00000
   0.08885   0.00000   1.00000
   0.11336   0.00000   1.00000
   0.12561   0.00000   1.00000
   0.16238   0.00000   1.00000
   0.18689   0.00000   1.00000
   0.21140   0.00000   1.00000
   0.23591   0.00000   1.00000
   0.26042   0.00000   1.00000
   0.28493   0.00000   1.00000
   0.30944   0.00000   1.00000
   0.32169   0.00000   1.00000
   0.35846   0.00000   1.00000
   0.38297   0.00000   1.00000
   0.40747   0.00000   1.00000
   0.43198   0.00000   1.00000
   0.45649   0.00000   1.00000
   0.48101   0.00000   1.00000
   0.50551   0.00000   1.00000
   0.51777   0.00000   1.00000
   0.55453   0.01490   0.98510
   0.57904   0.03059   0.96941
   0.60355   0.04628   0.95372
   0.62806   0.06196   0.93804
   0.65257   0.07765   0.92235
   0.67708   0.09333   0.90667
   0.70159   0.10902   0.89098
   0.71385   0.11686   0.88314
   0.75061   0.14039   0.85961
   0.77512   0.15608   0.84392
   0.79963   0.17176   0.82823
   0.82414   0.18745   0.81255
   0.84865   0.20314   0.79686
   0.87316   0.21882   0.78118
   0.89767   0.23451   0.76549
   0.92218   0.25020   0.74980
   0.94669   0.26588   0.73412
   0.97120   0.28157   0.71843
   0.99571   0.29726   0.70275
   1.00000   0.31294   0.68706
   1.00000   0.32863   0.67137
   1.00000   0.33647   0.66353
   1.00000   0.36000   0.64000
   1.00000   0.37569   0.62431
   1.00000   0.39137   0.60863
   1.00000   0.40706   0.59294
   1.00000   0.42274   0.57726
   1.00000   0.43843   0.56157
   1.00000   0.45412   0.54588
   1.00000   0.46980   0.53020
   1.00000   0.48549   0.51451
   1.00000   0.50118   0.49882
   1.00000   0.51686   0.48314
   1.00000   0.53255   0.46745
   1.00000   0.54823   0.45177
   1.00000   0.56392   0.43608
   1.00000   0.57961   0.42039
   1.00000   0.58745   0.41255
   1.00000   0.61098   0.38902
   1.00000   0.62667   0.37333
   1.00000   0.64235   0.35765
   1.00000   0.65804   0.34196
   1.00000   0.67373   0.32627
   1.00000   0.68941   0.31059
   1.00000   0.70510   0.29490
   1.00000   0.72078   0.27922
   1.00000   0.73647   0.26353
   1.00000   0.75216   0.24784
   1.00000   0.76784   0.23216
   1.00000   0.78353   0.21647
   1.00000   0.79922   0.20078
   1.00000   0.81490   0.18510
   1.00000   0.83059   0.16941
   1.00000   0.83843   0.16157
   1.00000   0.86196   0.13804
   1.00000   0.87765   0.12235
   1.00000   0.89333   0.10667
   1.00000   0.90902   0.09098
   1.00000   0.92471   0.07529
   1.00000   0.94039   0.05961
   1.00000   0.95608   0.04392
   1.00000   0.97176   0.02823
   1.00000   0.98745   0.01255
   1.00000   1.00000   0.01961
   1.00000   1.00000   0.11765
   1.00000   1.00000   0.21569
   1.00000   1.00000   0.31372
   1.00000   1.00000   0.41177
   1.00000   1.00000   0.50980
   1.00000   1.00000   0.55882
   1.00000   1.00000   0.70588
   1.00000   1.00000   0.80392
   1.00000   1.00000   0.90196
   1.00000   1.00000   1.00000
