   0.96580   0.98627   0.99105
   0.96014   0.98233   0.98883
   0.95448   0.97839   0.98662
   0.94882   0.97446   0.98441
   0.94316   0.97052   0.98219
   0.93750   0.96658   0.97998
   0.93184   0.96264   0.97776
   0.92618   0.95871   0.97555
   0.92052   0.95477   0.97333
   0.91769   0.95280   0.97223
   0.90920   0.94690   0.96890
   0.90637   0.94493   0.96780
   0.89789   0.93902   0.96447
   0.89506   0.93705   0.96337
   0.88657   0.93115   0.96005
   0.88374   0.92918   0.95894
   0.87386   0.92203   0.95493
   0.86574   0.91588   0.95148
   0.86168   0.91280   0.94976
   0.84950   0.90358   0.94459
   0.84138   0.89742   0.94115
   0.83326   0.89127   0.93770
   0.82920   0.88820   0.93598
   0.81702   0.87897   0.93081
   0.80890   0.87282   0.92737
   0.80078   0.86667   0.92392
   0.79672   0.86359   0.92220
   0.78454   0.85436   0.91703
   0.77642   0.84821   0.91359
   0.76831   0.84206   0.91014
   0.76424   0.83899   0.90842
   0.75207   0.82976   0.90325
   0.74395   0.82391   0.90012
   0.73583   0.81826   0.89716
   0.72771   0.81260   0.89421
   0.71959   0.80694   0.89126
   0.71147   0.80128   0.88831
   0.70740   0.79845   0.88683
   0.69523   0.78996   0.88240
   0.68711   0.78430   0.87945
   0.67898   0.77864   0.87649
   0.67086   0.77298   0.87354
   0.66274   0.76732   0.87059
   0.65462   0.76166   0.86764
   0.64650   0.75600   0.86468
   0.64245   0.75317   0.86321
   0.63026   0.74468   0.85878
   0.62214   0.73902   0.85583
   0.61656   0.73083   0.85152
   0.61213   0.72148   0.84660
   0.60770   0.71213   0.84168
   0.60328   0.70278   0.83675
   0.59885   0.69343   0.83183
   0.59663   0.68875   0.82937
   0.58999   0.67472   0.82199
   0.58556   0.66537   0.81707
   0.58113   0.65602   0.81215
   0.57670   0.64667   0.80723
   0.57227   0.63732   0.80231
   0.56784   0.62797   0.79739
   0.56341   0.61862   0.79246
   0.56120   0.61395   0.79000
   0.55456   0.59992   0.78262
   0.55013   0.59057   0.77770
   0.54902   0.58030   0.77259
   0.54902   0.56972   0.76743
   0.54902   0.55914   0.76226
   0.54902   0.54856   0.75709
   0.54902   0.53798   0.75193
   0.54902   0.52740   0.74676
   0.54902   0.51682   0.74159
   0.54902   0.50624   0.73642
   0.54902   0.49566   0.73126
   0.54902   0.48507   0.72609
   0.54902   0.47449   0.72092
   0.54902   0.46920   0.71834
   0.54902   0.45333   0.71059
   0.54902   0.44275   0.70542
   0.54902   0.43217   0.70025
   0.54902   0.42159   0.69509
   0.54822   0.41121   0.69012
   0.54724   0.40088   0.68520
   0.54625   0.39054   0.68028
   0.54527   0.38021   0.67536
   0.54428   0.36987   0.67043
   0.54330   0.35954   0.66551
   0.54232   0.34920   0.66059
   0.54133   0.33887   0.65567
   0.54035   0.32853   0.65075
   0.53936   0.31820   0.64583
   0.53838   0.30787   0.64091
   0.53789   0.30270   0.63845
   0.53641   0.28720   0.63107
   0.53543   0.27686   0.62614
   0.53444   0.26653   0.62122
   0.53346   0.25619   0.61630
   0.53183   0.24414   0.60858
   0.53010   0.23183   0.60046
   0.52838   0.21953   0.59234
   0.52666   0.20723   0.58422
   0.52494   0.19492   0.57610
   0.52321   0.18262   0.56798
   0.52149   0.17032   0.55986
   0.51977   0.15802   0.55174
   0.51805   0.14571   0.54362
   0.51632   0.13341   0.53550
   0.51460   0.12111   0.52738
   0.51374   0.11496   0.52332
   0.51116   0.09650   0.51114
   0.50943   0.08420   0.50302
   0.50771   0.07190   0.49490
   0.50599   0.05959   0.48678
   0.49389   0.05536   0.47497
   0.48109   0.05167   0.46291
   0.46830   0.04798   0.45086
   0.45550   0.04429   0.43880
   0.44271   0.04060   0.42674
   0.42991   0.03691   0.41469
   0.41712   0.03322   0.40263
   0.40432   0.02953   0.39057
   0.39153   0.02584   0.37852
   0.37873   0.02214   0.36646
   0.36594   0.01845   0.35440
   0.35954   0.01661   0.34837
   0.34035   0.01107   0.33029
   0.32755   0.00738   0.31823
   0.31476   0.00369   0.30617
   0.30196   0.00000   0.29412
