   0.50482   0.78533   0.50719
   0.51838   0.77952   0.52549
   0.53195   0.77370   0.54379
   0.54551   0.76789   0.56209
   0.55908   0.76208   0.58039
   0.57264   0.75626   0.59869
   0.58621   0.75045   0.61699
   0.59977   0.74464   0.63529
   0.61333   0.73882   0.65359
   0.62011   0.73592   0.66274
   0.64046   0.72720   0.69020
   0.64724   0.72429   0.69935
   0.66759   0.71557   0.72680
   0.67437   0.71266   0.73595
   0.69472   0.70394   0.76340
   0.70150   0.70104   0.77255
   0.72184   0.69232   0.80000
   0.73541   0.68651   0.81830
   0.74219   0.68360   0.82745
   0.76254   0.68734   0.80978
   0.77610   0.69121   0.79299
   0.78967   0.69509   0.77619
   0.79645   0.69702   0.76780
   0.81679   0.70284   0.74261
   0.83036   0.70671   0.72581
   0.84392   0.71059   0.70902
   0.85070   0.71253   0.70062
   0.87105   0.71834   0.67543
   0.88461   0.72221   0.65864
   0.89818   0.72609   0.64184
   0.90496   0.72803   0.63345
   0.92531   0.73384   0.60826
   0.93887   0.73772   0.59146
   0.95243   0.74159   0.57467
   0.96600   0.74547   0.55788
   0.97956   0.74934   0.54108
   0.99219   0.75391   0.52578
   0.99240   0.76069   0.52783
   0.99305   0.78104   0.53396
   0.99348   0.79460   0.53806
   0.99391   0.80817   0.54215
   0.99434   0.82173   0.54624
   0.99477   0.83529   0.55033
   0.99520   0.84886   0.55442
   0.99563   0.86242   0.55851
   0.99585   0.86920   0.56055
   0.99649   0.88955   0.56669
   0.99692   0.90311   0.57078
   0.99735   0.91668   0.57487
   0.99778   0.93024   0.57896
   0.99822   0.94381   0.58305
   0.99865   0.95737   0.58714
   0.99908   0.97093   0.59123
   0.99929   0.97772   0.59328
   0.99994   0.99806   0.59942
   0.96328   0.97287   0.60425
   0.92043   0.94122   0.60920
   0.87759   0.90957   0.61415
   0.83474   0.87792   0.61910
   0.79189   0.84627   0.62405
   0.74905   0.81463   0.62900
   0.72763   0.79880   0.63148
   0.66336   0.75133   0.63891
   0.62051   0.71968   0.64386
   0.57767   0.68803   0.64881
   0.53483   0.65638   0.65376
   0.49198   0.62473   0.65872
   0.44914   0.59308   0.66367
   0.40629   0.56143   0.66862
   0.36345   0.52978   0.67357
   0.32060   0.49813   0.67852
   0.27775   0.46648   0.68348
   0.23491   0.43483   0.68843
   0.24508   0.40886   0.68341
   0.28469   0.38604   0.67286
   0.30450   0.37462   0.66759
   0.36392   0.34039   0.65176
   0.40354   0.31757   0.64122
   0.44315   0.29475   0.63067
   0.48277   0.27193   0.62011
   0.52238   0.24910   0.60957
   0.56200   0.22628   0.59902
   0.60162   0.20346   0.58847
   0.64123   0.18064   0.57792
   0.68085   0.15782   0.56737
   0.72046   0.13499   0.55682
   0.76008   0.11217   0.54627
   0.79969   0.08935   0.53572
   0.83931   0.06653   0.52517
   0.87892   0.04371   0.51462
   0.91854   0.02088   0.50407
   0.93835   0.00947   0.49879
   0.92611   0.03522   0.46605
   0.91556   0.05438   0.44366
   0.90501   0.07354   0.42127
   0.89446   0.09270   0.39888
   0.88391   0.11186   0.37649
   0.87336   0.13103   0.35410
   0.86281   0.15019   0.33170
   0.85226   0.16935   0.30931
   0.84171   0.18851   0.28692
   0.83116   0.20767   0.26453
   0.82061   0.22684   0.24214
   0.81006   0.24600   0.21975
   0.79951   0.26516   0.19736
   0.78896   0.28432   0.17496
   0.77841   0.30348   0.15257
   0.77313   0.31306   0.14138
   0.75731   0.34181   0.10779
   0.74491   0.35737   0.09384
   0.72575   0.35974   0.11085
   0.70659   0.36211   0.12786
   0.68743   0.36448   0.14487
   0.66827   0.36684   0.16188
   0.64910   0.36921   0.17888
   0.62994   0.37158   0.19589
   0.61078   0.37395   0.21290
   0.59162   0.37632   0.22991
   0.57246   0.37868   0.24692
   0.55330   0.38105   0.26393
   0.53413   0.38342   0.28094
   0.51497   0.38579   0.29795
   0.49581   0.38816   0.31496
   0.48623   0.38934   0.32346
   0.45749   0.39290   0.34897
   0.43832   0.39526   0.36598
   0.41916   0.39763   0.38299
   0.40000   0.40000   0.40000
