   0.23438   0.30554   0.75968
   0.24352   0.31919   0.77167
   0.25266   0.33284   0.78367
   0.26180   0.34648   0.79566
   0.27110   0.36001   0.80709
   0.28055   0.37342   0.81801
   0.29000   0.38684   0.82893
   0.29944   0.40025   0.83984
   0.30906   0.41350   0.85013
   0.31395   0.42005   0.85499
   0.32860   0.43971   0.86959
   0.33349   0.44627   0.87445
   0.34832   0.46571   0.88835
   0.35337   0.47207   0.89257
   0.36851   0.49114   0.90524
   0.37355   0.49750   0.90947
   0.38885   0.51630   0.92137
   0.39923   0.52853   0.92846
   0.40442   0.53464   0.93200
   0.41999   0.55299   0.94263
   0.43051   0.56488   0.94889
   0.44112   0.57653   0.95455
   0.44643   0.58236   0.95737
   0.46235   0.59983   0.96586
   0.47307   0.61108   0.97063
   0.48385   0.62205   0.97481
   0.48925   0.62754   0.97690
   0.50542   0.64399   0.98316
   0.51626   0.65450   0.98641
   0.52713   0.66470   0.98906
   0.53257   0.66980   0.99039
   0.54888   0.68510   0.99438
   0.55975   0.69477   0.99607
   0.57062   0.70411   0.99720
   0.58149   0.71345   0.99831
   0.59236   0.72279   0.99943
   0.60316   0.73153   0.99957
   0.60855   0.73572   0.99935
   0.62470   0.74832   0.99872
   0.63547   0.75671   0.99830
   0.64611   0.76444   0.99687
   0.65668   0.77181   0.99491
   0.66725   0.77918   0.99296
   0.67782   0.78655   0.99101
   0.68819   0.79318   0.98804
   0.69332   0.79631   0.98631
   0.70872   0.80572   0.98112
   0.71899   0.81199   0.97766
   0.72897   0.81746   0.97319
   0.73883   0.82257   0.96826
   0.74868   0.82768   0.96333
   0.75854   0.83279   0.95841
   0.76803   0.83704   0.95249
   0.77271   0.83898   0.94932
   0.78672   0.84481   0.93981
   0.79606   0.84869   0.93347
   0.80497   0.85167   0.92616
   0.81369   0.85428   0.91848
   0.82242   0.85690   0.91079
   0.83115   0.85951   0.90311
   0.83935   0.86117   0.89449
   0.84336   0.86182   0.89002
   0.85538   0.86378   0.87659
   0.86339   0.86508   0.86763
   0.87149   0.86231   0.85702
   0.87962   0.85817   0.84584
   0.88775   0.85404   0.83467
   0.89588   0.84991   0.82350
   0.90285   0.84480   0.81197
   0.90946   0.83939   0.80033
   0.91607   0.83398   0.78869
   0.92268   0.82857   0.77705
   0.92812   0.82220   0.76514
   0.93322   0.81556   0.75315
   0.93833   0.80892   0.74116
   0.94088   0.80560   0.73517
   0.94735   0.79470   0.71699
   0.95096   0.78688   0.70476
   0.95457   0.77905   0.69253
   0.95818   0.77123   0.68030
   0.96058   0.76250   0.66796
   0.96271   0.75356   0.65560
   0.96483   0.74461   0.64324
   0.96696   0.73567   0.63088
   0.96787   0.72585   0.61849
   0.96853   0.71584   0.60610
   0.96919   0.70584   0.59370
   0.96985   0.69583   0.58131
   0.96929   0.68498   0.56897
   0.96850   0.67398   0.55665
   0.96771   0.66297   0.54432
   0.96732   0.65747   0.53816
   0.96491   0.64016   0.51981
   0.96270   0.62822   0.50764
   0.96049   0.61628   0.49547
   0.95828   0.60434   0.48330
   0.95485   0.59162   0.47134
   0.95125   0.57880   0.45941
   0.94765   0.56598   0.44748
   0.94406   0.55315   0.43555
   0.93925   0.53958   0.42390
   0.93431   0.52592   0.41229
   0.92936   0.51225   0.40067
   0.92441   0.49859   0.38906
   0.91828   0.48417   0.37779
   0.91203   0.46968   0.36656
   0.90578   0.45519   0.35534
   0.90266   0.44794   0.34972
   0.89214   0.42539   0.33329
   0.88464   0.41002   0.32251
   0.87715   0.39465   0.31172
   0.86966   0.37927   0.30094
   0.86105   0.36292   0.29063
   0.85238   0.34649   0.28035
   0.84370   0.33007   0.27007
   0.83503   0.31364   0.25978
   0.82529   0.29575   0.25003
   0.81551   0.27778   0.24029
   0.80572   0.25981   0.23056
   0.79594   0.24184   0.22083
   0.78515   0.22085   0.21167
   0.77434   0.19976   0.20254
   0.76352   0.17867   0.19340
   0.75811   0.16812   0.18883
   0.74096   0.12224   0.17574
   0.72920   0.08668   0.16724
   0.71744   0.05112   0.15874
   0.70567   0.01556   0.15023
