   0.65475   0.00738   0.14917
   0.67013   0.02214   0.14948
   0.68551   0.03691   0.14979
   0.70088   0.05167   0.15010
   0.71626   0.06644   0.15040
   0.73164   0.08120   0.15071
   0.74702   0.09596   0.15102
   0.76240   0.11073   0.15133
   0.77778   0.12549   0.15163
   0.78547   0.13287   0.15179
   0.80853   0.15502   0.15225
   0.81622   0.16240   0.15240
   0.83929   0.18454   0.15286
   0.84537   0.19293   0.15509
   0.85875   0.22107   0.16801
   0.86321   0.23045   0.17232
   0.87659   0.25859   0.18524
   0.88551   0.27735   0.19385
   0.88996   0.28674   0.19816
   0.90334   0.31488   0.21107
   0.91227   0.33364   0.21969
   0.92118   0.35240   0.22830
   0.92564   0.36178   0.23260
   0.93902   0.38993   0.24552
   0.94794   0.40869   0.25413
   0.95686   0.42745   0.26274
   0.95825   0.43745   0.26736
   0.96240   0.46744   0.28120
   0.96517   0.48743   0.29043
   0.96794   0.50742   0.29965
   0.96932   0.51742   0.30427
   0.97347   0.54741   0.31811
   0.97624   0.56740   0.32734
   0.97901   0.58739   0.33656
   0.98178   0.60738   0.34579
   0.98454   0.62737   0.35502
   0.98731   0.64737   0.36424
   0.98870   0.65736   0.36886
   0.99223   0.68620   0.38362
   0.99254   0.70158   0.39654
   0.99285   0.71696   0.40946
   0.99316   0.73233   0.42238
   0.99346   0.74771   0.43529
   0.99377   0.76309   0.44821
   0.99408   0.77847   0.46113
   0.99423   0.78616   0.46759
   0.99469   0.80923   0.48697
   0.99500   0.82461   0.49988
   0.99531   0.83999   0.51280
   0.99562   0.85536   0.52572
   0.99593   0.87074   0.53864
   0.99623   0.88320   0.55309
   0.99654   0.89273   0.56909
   0.99669   0.89750   0.57709
   0.99716   0.91180   0.60108
   0.99746   0.92134   0.61707
   0.99777   0.93087   0.63306
   0.99808   0.94041   0.64906
   0.99839   0.94994   0.66505
   0.99869   0.95948   0.68105
   0.99900   0.96901   0.69704
   0.99915   0.97378   0.70504
   0.99962   0.98808   0.72903
   0.99992   0.99762   0.74502
   0.99123   0.99631   0.73702
   0.97955   0.99139   0.72103
   0.96786   0.98647   0.70504
   0.95617   0.98155   0.68904
   0.94448   0.97662   0.67305
   0.93279   0.97170   0.65706
   0.92111   0.96678   0.64106
   0.90942   0.96186   0.62507
   0.89773   0.95694   0.60907
   0.88604   0.95202   0.59308
   0.87436   0.94710   0.57709
   0.86851   0.94464   0.56909
   0.85098   0.93726   0.54510
   0.83529   0.93049   0.53495
   0.81961   0.92372   0.52480
   0.80392   0.91695   0.51465
   0.78824   0.91019   0.50450
   0.77255   0.90342   0.49435
   0.75686   0.89666   0.48420
   0.74118   0.88989   0.47405
   0.72549   0.88312   0.46390
   0.70980   0.87635   0.45375
   0.69412   0.86959   0.44360
   0.67843   0.86282   0.43345
   0.66274   0.85606   0.42330
   0.64606   0.84883   0.41515
   0.62637   0.84022   0.41300
   0.61653   0.83591   0.41192
   0.58701   0.82299   0.40869
   0.56732   0.81438   0.40654
   0.54764   0.80577   0.40438
   0.52795   0.79716   0.40223
   0.50827   0.78854   0.40008
   0.48858   0.77993   0.39792
   0.46890   0.77132   0.39577
   0.44921   0.76271   0.39362
   0.42953   0.75410   0.39147
   0.40984   0.74548   0.38931
   0.38831   0.73549   0.38531
   0.36494   0.72411   0.37947
   0.34156   0.71273   0.37363
   0.31819   0.70135   0.36778
   0.29481   0.68997   0.36194
   0.28312   0.68427   0.35902
   0.24806   0.66720   0.35025
   0.22468   0.65583   0.34441
   0.20131   0.64444   0.33856
   0.17793   0.63306   0.33272
   0.15456   0.62168   0.32687
   0.13118   0.61030   0.32103
   0.10780   0.59892   0.31519
   0.09596   0.58501   0.30796
   0.08797   0.57024   0.30027
   0.07997   0.55548   0.29258
   0.07197   0.54071   0.28489
   0.06397   0.52595   0.27720
   0.05598   0.51119   0.26951
   0.04798   0.49642   0.26182
   0.03999   0.48166   0.25413
   0.03599   0.47428   0.25029
   0.02399   0.45213   0.23875
   0.01599   0.43737   0.23107
   0.00800   0.42261   0.22338
   0.00000   0.40784   0.21569
