   0.99815   0.99815   0.99815
   0.99446   0.99446   0.99446
   0.99077   0.99077   0.99077
   0.98708   0.98708   0.98708
   0.98339   0.98339   0.98339
   0.97970   0.97970   0.97970
   0.97601   0.97601   0.97601
   0.97232   0.97232   0.97232
   0.96863   0.96863   0.96863
   0.96678   0.96678   0.96678
   0.96125   0.96125   0.96125
   0.95940   0.95940   0.95940
   0.95386   0.95386   0.95386
   0.95202   0.95202   0.95202
   0.94648   0.94648   0.94648
   0.94464   0.94464   0.94464
   0.93799   0.93799   0.93799
   0.93233   0.93233   0.93233
   0.92950   0.92950   0.92950
   0.92102   0.92102   0.92102
   0.91536   0.91536   0.91536
   0.90970   0.90970   0.90970
   0.90687   0.90687   0.90687
   0.89838   0.89838   0.89838
   0.89272   0.89272   0.89272
   0.88706   0.88706   0.88706
   0.88423   0.88423   0.88423
   0.87574   0.87574   0.87574
   0.87008   0.87008   0.87008
   0.86442   0.86442   0.86442
   0.86159   0.86159   0.86159
   0.85310   0.85310   0.85310
   0.84667   0.84667   0.84667
   0.83978   0.83978   0.83978
   0.83289   0.83289   0.83289
   0.82600   0.82600   0.82600
   0.81912   0.81912   0.81912
   0.81567   0.81567   0.81567
   0.80534   0.80534   0.80534
   0.79845   0.79845   0.79845
   0.79156   0.79156   0.79156
   0.78467   0.78467   0.78467
   0.77778   0.77778   0.77778
   0.77089   0.77089   0.77089
   0.76400   0.76400   0.76400
   0.76055   0.76055   0.76055
   0.75022   0.75022   0.75022
   0.74333   0.74333   0.74333
   0.73458   0.73458   0.73458
   0.72498   0.72498   0.72498
   0.71539   0.71539   0.71539
   0.70579   0.70579   0.70579
   0.69619   0.69619   0.69619
   0.69140   0.69140   0.69140
   0.67700   0.67700   0.67700
   0.66741   0.66741   0.66741
   0.65781   0.65781   0.65781
   0.64821   0.64821   0.64821
   0.63862   0.63862   0.63862
   0.62902   0.62902   0.62902
   0.61942   0.61942   0.61942
   0.61462   0.61462   0.61462
   0.60023   0.60023   0.60023
   0.59063   0.59063   0.59063
   0.58178   0.58178   0.58178
   0.57316   0.57316   0.57316
   0.56455   0.56455   0.56455
   0.55594   0.55594   0.55594
   0.54733   0.54733   0.54733
   0.53872   0.53872   0.53872
   0.53010   0.53010   0.53010
   0.52149   0.52149   0.52149
   0.51288   0.51288   0.51288
   0.50427   0.50427   0.50427
   0.49566   0.49566   0.49566
   0.49135   0.49135   0.49135
   0.47843   0.47843   0.47843
   0.46982   0.46982   0.46982
   0.46121   0.46121   0.46121
   0.45259   0.45259   0.45259
   0.44438   0.44438   0.44438
   0.43626   0.43626   0.43626
   0.42814   0.42814   0.42814
   0.42002   0.42002   0.42002
   0.41190   0.41190   0.41190
   0.40378   0.40378   0.40378
   0.39566   0.39566   0.39566
   0.38754   0.38754   0.38754
   0.37942   0.37942   0.37942
   0.37130   0.37130   0.37130
   0.36318   0.36318   0.36318
   0.35912   0.35912   0.35912
   0.34694   0.34694   0.34694
   0.33882   0.33882   0.33882
   0.33070   0.33070   0.33070
   0.32258   0.32258   0.32258
   0.31188   0.31188   0.31188
   0.30081   0.30081   0.30081
   0.28973   0.28973   0.28973
   0.27866   0.27866   0.27866
   0.26759   0.26759   0.26759
   0.25652   0.25652   0.25652
   0.24544   0.24544   0.24544
   0.23437   0.23437   0.23437
   0.22330   0.22330   0.22330
   0.21223   0.21223   0.21223
   0.20115   0.20115   0.20115
   0.19562   0.19562   0.19562
   0.17901   0.17901   0.17901
   0.16793   0.16793   0.16793
   0.15686   0.15686   0.15686
   0.14579   0.14579   0.14579
   0.13656   0.13656   0.13656
   0.12746   0.12746   0.12746
   0.11835   0.11835   0.11835
   0.10925   0.10925   0.10925
   0.10015   0.10015   0.10015
   0.09104   0.09104   0.09104
   0.08194   0.08194   0.08194
   0.07283   0.07283   0.07283
   0.06373   0.06373   0.06373
   0.05463   0.05463   0.05463
   0.04552   0.04552   0.04552
   0.04097   0.04097   0.04097
   0.02731   0.02731   0.02731
   0.01821   0.01821   0.01821
   0.00910   0.00910   0.00910
   0.00000   0.00000   0.00000
