   0.00000   0.02862   0.46511
   0.00000   0.08586   0.39132
   0.00000   0.14310   0.31753
   0.00000   0.20034   0.24374
   0.00000   0.25758   0.16996
   0.00000   0.31482   0.09617
   0.00000   0.37206   0.02238
   0.00000   0.31916   0.15230
   0.00000   0.26599   0.28273
   0.00000   0.23940   0.34794
   0.00000   0.15964   0.54358
   0.00000   0.13305   0.60879
   0.00000   0.05329   0.80443
   0.00000   0.02671   0.86964
   0.00000   0.11051   1.00000
   0.00000   0.16589   1.00000
   0.00000   0.33202   1.00000
   0.00000   0.44278   1.00000
   0.00000   0.49816   1.00000
   0.00000   0.66430   1.00000
   0.00000   0.75357   1.00000
   0.00000   0.79251   1.00000
   0.00000   0.80980   1.00000
   0.00000   0.86165   1.00000
   0.00000   0.89623   1.00000
   0.00000   0.93080   1.00000
   0.00000   0.94808   0.99986
   0.00000   0.99994   0.92273
   0.00000   0.99644   0.87131
   0.00000   0.99287   0.81989
   0.00000   0.99109   0.79418
   0.00000   0.98574   0.71705
   0.00000   0.98217   0.66562
   0.00000   0.98040   0.61403
   0.00000   0.98040   0.53220
   0.00000   0.98367   0.45038
   0.00000   0.98694   0.36855
   0.00000   0.98857   0.32763
   0.00000   0.99348   0.20490
   0.00002   0.99675   0.12307
   0.04997   0.99982   0.04124
   0.09992   0.97031   0.00000
   0.14987   0.94080   0.00000
   0.19982   0.91129   0.00000
   0.24977   0.88178   0.00000
   0.27474   0.86702   0.00000
   0.34966   0.82275   0.00000
   0.39940   0.82097   0.00000
   0.41493   0.84652   0.00000
   0.43046   0.87207   0.00000
   0.44600   0.89763   0.00000
   0.46153   0.92318   0.00000
   0.47706   0.94873   0.00000
   0.48483   0.96151   0.00000
   0.51828   0.99984   0.04680
   0.55397   1.00000   0.07804
   0.58967   1.00000   0.10928
   0.62536   1.00000   0.14052
   0.66106   1.00000   0.17176
   0.69675   1.00000   0.20300
   0.73245   1.00000   0.23416
   0.75029   1.00000   0.21854
   0.80383   1.00000   0.17168
   0.83953   1.00000   0.14044
   0.87522   1.00000   0.10920
   0.91092   1.00000   0.07796
   0.94661   1.00000   0.04673
   0.98230   0.98073   0.01549
   1.00000   0.96139   0.00000
   1.00000   0.94205   0.00000
   1.00000   0.92270   0.00000
   1.00000   0.90336   0.00000
   1.00000   0.88402   0.00000
   1.00000   0.86467   0.00000
   1.00000   0.84533   0.00421
   1.00000   0.83566   0.00843
   1.00000   0.80664   0.02110
   1.00000   0.78730   0.02954
   1.00000   0.76796   0.03799
   1.00000   0.74861   0.04643
   1.00000   0.72927   0.05487
   1.00000   0.66519   0.04760
   1.00000   0.60096   0.04028
   1.00000   0.53673   0.03296
   1.00000   0.47250   0.02563
   1.00000   0.40827   0.01831
   1.00000   0.34404   0.01099
   1.00000   0.27981   0.00366
   1.00000   0.24243   0.00000
   1.00000   0.20513   0.00000
   1.00000   0.16784   0.00000
   1.00000   0.14919   0.00000
   1.00000   0.09325   0.00000
   1.00000   0.05595   0.00000
   1.00000   0.01866   0.06876
   1.00000   0.00000   0.20788
   1.00000   0.00000   0.34700
   1.00000   0.00000   0.48612
   1.00000   0.00000   0.62524
   1.00000   0.00000   0.76436
   1.00000   0.00000   0.90347
   0.97328   0.01336   0.98683
   0.91925   0.04037   1.00000
   0.86522   0.06738   1.00000
   0.81119   0.09439   1.00000
   0.75716   0.12140   1.00000
   0.70313   0.14842   1.00000
   0.67611   0.16192   1.00000
   0.64480   0.22191   0.99054
   0.69129   0.26829   0.98113
   0.73778   0.31468   0.97171
   0.78427   0.36107   0.96230
   0.83075   0.40746   0.95288
   0.87724   0.45384   0.94347
   0.92353   0.50018   0.93412
   0.92911   0.53651   0.93889
   0.93469   0.57285   0.94366
   0.94028   0.60918   0.94843
   0.94586   0.64551   0.95319
   0.95144   0.68184   0.95796
   0.95702   0.71817   0.96273
   0.96260   0.75451   0.96750
   0.96819   0.79084   0.97226
   0.97098   0.80901   0.97465
   0.97935   0.86350   0.98180
   0.98493   0.89984   0.98656
   0.99052   0.93617   0.99133
   0.99610   0.97250   0.99610
