   0.00261   0.00000   0.16869
   0.00784   0.00000   0.26381
   0.01307   0.00000   0.34809
   0.01829   0.00000   0.43237
   0.02352   0.01793   0.45561
   0.02875   0.03597   0.45703
   0.03398   0.05401   0.45845
   0.03920   0.07205   0.45987
   0.04443   0.09009   0.46129
   0.04704   0.09911   0.46200
   0.05488   0.12617   0.46414
   0.05750   0.13519   0.46485
   0.06534   0.16225   0.46698
   0.06795   0.17127   0.46769
   0.07579   0.19747   0.46982
   0.07840   0.20562   0.47053
   0.08624   0.23009   0.47267
   0.09147   0.24641   0.47409
   0.09408   0.25457   0.47480
   0.10193   0.27904   0.47693
   0.10715   0.29535   0.47835
   0.11238   0.31084   0.47978
   0.11499   0.31818   0.48049
   0.12283   0.34018   0.48262
   0.12806   0.35485   0.48404
   0.13329   0.36951   0.48546
   0.13590   0.37685   0.48617
   0.14374   0.39656   0.48831
   0.14897   0.40896   0.48973
   0.15419   0.42136   0.49115
   0.15681   0.42755   0.49186
   0.16465   0.44615   0.49399
   0.16987   0.45854   0.49542
   0.17510   0.47094   0.49684
   0.18033   0.48333   0.49826
   0.18555   0.49573   0.49968
   0.19003   0.50423   0.49566
   0.19188   0.50649   0.49086
   0.19743   0.51326   0.47646
   0.20112   0.51778   0.46685
   0.20482   0.52229   0.45725
   0.20852   0.52681   0.44765
   0.21222   0.53132   0.43805
   0.21592   0.53584   0.42845
   0.21962   0.54035   0.41885
   0.22147   0.54261   0.41405
   0.22702   0.54938   0.39965
   0.23072   0.55390   0.39005
   0.23442   0.55841   0.38045
   0.23812   0.56293   0.37085
   0.24182   0.56744   0.36125
   0.24552   0.57196   0.35165
   0.24922   0.57647   0.34205
   0.25106   0.57873   0.33724
   0.25661   0.58550   0.32284
   0.26031   0.59002   0.31324
   0.26401   0.59453   0.30364
   0.26771   0.59905   0.29404
   0.27145   0.60356   0.28444
   0.28889   0.60808   0.27484
   0.30632   0.61259   0.27935
   0.31504   0.61485   0.28164
   0.34119   0.62162   0.28850
   0.35862   0.62614   0.29307
   0.37606   0.63065   0.29764
   0.39349   0.63517   0.30221
   0.41092   0.63968   0.30678
   0.42836   0.64313   0.31135
   0.44579   0.64657   0.31593
   0.46323   0.65001   0.32050
   0.47840   0.65345   0.32298
   0.49133   0.65689   0.32546
   0.50427   0.66033   0.32794
   0.51720   0.66378   0.33042
   0.53013   0.66722   0.33289
   0.53660   0.66894   0.33413
   0.55600   0.67410   0.33785
   0.56893   0.67754   0.34033
   0.58187   0.68098   0.34281
   0.59480   0.68442   0.34529
   0.60773   0.68787   0.34777
   0.62067   0.69131   0.35025
   0.63360   0.69475   0.35272
   0.64653   0.69819   0.35520
   0.65947   0.70163   0.35768
   0.67240   0.70507   0.36016
   0.68533   0.70851   0.36264
   0.69827   0.71196   0.36512
   0.71120   0.71540   0.36760
   0.71925   0.71368   0.37008
   0.72253   0.70691   0.37255
   0.72417   0.70352   0.37380
   0.72909   0.69336   0.37751
   0.73237   0.68659   0.37999
   0.73565   0.67981   0.38247
   0.73892   0.67304   0.38495
   0.74220   0.66626   0.38743
   0.74548   0.65949   0.38991
   0.74876   0.65272   0.39239
   0.75204   0.64594   0.39487
   0.75534   0.63922   0.40574
   0.76411   0.64299   0.42496
   0.77289   0.64641   0.44417
   0.78166   0.65151   0.46339
   0.79043   0.65829   0.48260
   0.79920   0.66508   0.50182
   0.80797   0.67188   0.52103
   0.81236   0.67528   0.53064
   0.82552   0.68548   0.55946
   0.83429   0.69227   0.57868
   0.84307   0.69907   0.59789
   0.85184   0.71031   0.61711
   0.86061   0.72153   0.63632
   0.86938   0.73229   0.65554
   0.87816   0.74308   0.67697
   0.88693   0.75842   0.70061
   0.89570   0.77376   0.72425
   0.90447   0.78910   0.74790
   0.91325   0.80444   0.77153
   0.92202   0.81978   0.79518
   0.93079   0.83644   0.81882
   0.93956   0.85442   0.84246
   0.94834   0.87251   0.86610
   0.95272   0.88162   0.87792
   0.96588   0.91597   0.91338
   0.97465   0.93888   0.93702
   0.98343   0.96179   0.96066
   0.99220   0.98430   0.98430
