   0.33802   0.19331   0.02038
   0.35525   0.20346   0.02191
   0.37247   0.21361   0.02345
   0.38970   0.22376   0.02499
   0.40692   0.23391   0.02653
   0.42415   0.24406   0.02807
   0.44137   0.25421   0.02960
   0.45859   0.26436   0.03114
   0.47582   0.27451   0.03268
   0.48443   0.27959   0.03345
   0.51026   0.29481   0.03576
   0.51888   0.29989   0.03652
   0.54471   0.31511   0.03883
   0.55294   0.32134   0.04191
   0.57647   0.34348   0.05805
   0.58431   0.35087   0.06344
   0.60784   0.37301   0.07959
   0.62353   0.38777   0.09035
   0.63137   0.39516   0.09573
   0.65490   0.41730   0.11188
   0.67059   0.43207   0.12264
   0.68628   0.44683   0.13341
   0.69412   0.45421   0.13879
   0.71765   0.47635   0.15494
   0.73333   0.49112   0.16571
   0.74902   0.50588   0.17647
   0.75394   0.51588   0.18877
   0.76870   0.54587   0.22568
   0.77855   0.56586   0.25029
   0.78839   0.58585   0.27489
   0.79331   0.59585   0.28720
   0.80807   0.62584   0.32411
   0.81792   0.64583   0.34871
   0.82776   0.66582   0.37332
   0.83760   0.68581   0.39792
   0.84744   0.70581   0.42253
   0.85729   0.72580   0.44714
   0.86221   0.73579   0.45944
   0.87628   0.76371   0.49558
   0.88335   0.77539   0.51711
   0.89043   0.78708   0.53864
   0.89750   0.79877   0.56017
   0.90457   0.81046   0.58170
   0.91165   0.82214   0.60323
   0.91872   0.83383   0.62476
   0.92226   0.83968   0.63552
   0.93287   0.85721   0.66782
   0.93995   0.86890   0.68935
   0.94702   0.88058   0.71088
   0.95410   0.89227   0.73241
   0.96117   0.90396   0.75394
   0.96455   0.91180   0.77240
   0.96425   0.91580   0.78777
   0.96409   0.91780   0.79546
   0.96363   0.92380   0.81853
   0.96332   0.92780   0.83391
   0.96301   0.93180   0.84929
   0.96271   0.93579   0.86467
   0.96240   0.93979   0.88005
   0.96209   0.94379   0.89543
   0.96178   0.94779   0.91080
   0.96163   0.94979   0.91849
   0.96117   0.95579   0.94156
   0.96086   0.95978   0.95694
   0.95017   0.95825   0.95709
   0.93603   0.95486   0.95217
   0.92188   0.95148   0.94725
   0.90773   0.94810   0.94233
   0.89358   0.94471   0.93741
   0.87943   0.94133   0.93249
   0.86528   0.93795   0.92757
   0.85113   0.93456   0.92264
   0.83699   0.93118   0.91772
   0.82284   0.92780   0.91280
   0.80869   0.92441   0.90788
   0.80161   0.92272   0.90542
   0.78039   0.91765   0.89804
   0.75855   0.90873   0.88697
   0.73672   0.89981   0.87589
   0.71488   0.89089   0.86482
   0.69304   0.88197   0.85375
   0.67120   0.87305   0.84268
   0.64937   0.86413   0.83160
   0.62753   0.85521   0.82053
   0.60569   0.84629   0.80946
   0.58385   0.83737   0.79839
   0.56201   0.82845   0.78731
   0.54018   0.81953   0.77624
   0.51834   0.81061   0.76517
   0.49619   0.79977   0.75302
   0.47313   0.78316   0.73764
   0.46159   0.77486   0.72995
   0.42699   0.74994   0.70688
   0.40392   0.73333   0.69150
   0.38085   0.71672   0.67612
   0.35778   0.70012   0.66075
   0.33472   0.68351   0.64537
   0.31165   0.66690   0.62999
   0.28858   0.65029   0.61461
   0.26551   0.63368   0.59923
   0.24245   0.61707   0.58385
   0.21938   0.60046   0.56847
   0.19985   0.58462   0.55325
   0.18385   0.56955   0.53818
   0.16786   0.55448   0.52311
   0.15187   0.53941   0.50804
   0.13587   0.52434   0.49296
   0.12787   0.51680   0.48543
   0.10388   0.49420   0.46282
   0.08789   0.47912   0.44775
   0.07190   0.46405   0.43268
   0.05590   0.44898   0.41761
   0.03991   0.43391   0.40254
   0.02391   0.41884   0.38747
   0.00792   0.40377   0.37240
   0.00369   0.39031   0.35802
   0.00338   0.37739   0.34387
   0.00308   0.36448   0.32972
   0.00277   0.35156   0.31557
   0.00246   0.33864   0.30142
   0.00215   0.32572   0.28727
   0.00184   0.31280   0.27313
   0.00154   0.29989   0.25898
   0.00138   0.29343   0.25190
   0.00092   0.27405   0.23068
   0.00062   0.26113   0.21653
   0.00031   0.24821   0.20238
   0.00000   0.23529   0.18823
