   0.00000   0.49412   0.00392
   0.00000   0.48235   0.01177
   0.00000   0.47059   0.01961
   0.00000   0.45882   0.02745
   0.00000   0.44706   0.03529
   0.00000   0.43529   0.04314
   0.00000   0.42353   0.05098
   0.00000   0.41177   0.05882
   0.00000   0.40000   0.06667
   0.00000   0.39412   0.07059
   0.00000   0.37647   0.08235
   0.00000   0.37059   0.08627
   0.00000   0.35294   0.09804
   0.00000   0.34706   0.10196
   0.00000   0.32941   0.11372
   0.00000   0.32353   0.11765
   0.00000   0.30588   0.12941
   0.00000   0.29412   0.13725
   0.00000   0.28824   0.14118
   0.00000   0.27059   0.15294
   0.00000   0.25882   0.16078
   0.00000   0.24706   0.16863
   0.00000   0.24118   0.17255
   0.00000   0.22353   0.18431
   0.00000   0.21177   0.19216
   0.00000   0.20000   0.20000
   0.00000   0.19412   0.20392
   0.00000   0.17647   0.21569
   0.00000   0.16471   0.22353
   0.00000   0.15294   0.23137
   0.00000   0.14706   0.23529
   0.00000   0.12941   0.24706
   0.00000   0.11765   0.25490
   0.00000   0.10588   0.26274
   0.00000   0.09412   0.27059
   0.00000   0.08235   0.27843
   0.00000   0.07059   0.28627
   0.00000   0.06471   0.29020
   0.00000   0.04706   0.30196
   0.00000   0.03529   0.30980
   0.00000   0.02353   0.31765
   0.00000   0.01177   0.32549
   0.00000   0.00000   0.33333
   0.00000   0.01177   0.34118
   0.00000   0.02353   0.34902
   0.00000   0.02941   0.35294
   0.00000   0.04706   0.36471
   0.00000   0.05882   0.37255
   0.00000   0.07059   0.38039
   0.00000   0.08235   0.38824
   0.00000   0.09412   0.39608
   0.00000   0.10588   0.40392
   0.00000   0.11765   0.41177
   0.00000   0.12353   0.41569
   0.00000   0.14118   0.42745
   0.00000   0.15294   0.43529
   0.00000   0.16471   0.44314
   0.00000   0.17647   0.45098
   0.00000   0.18823   0.45882
   0.00000   0.20000   0.46667
   0.00000   0.21177   0.47451
   0.00000   0.21765   0.47843
   0.00000   0.23529   0.49020
   0.00000   0.24706   0.49804
   0.00000   0.25882   0.50588
   0.00000   0.27059   0.51372
   0.00000   0.28235   0.52157
   0.00000   0.29412   0.52941
   0.00000   0.30588   0.53725
   0.00000   0.31765   0.54510
   0.00000   0.32941   0.55294
   0.00000   0.34118   0.56078
   0.00000   0.35294   0.56863
   0.00000   0.36471   0.57647
   0.00000   0.37647   0.58431
   0.00000   0.38235   0.58824
   0.00000   0.40000   0.60000
   0.00000   0.41177   0.60784
   0.00000   0.42353   0.61569
   0.00000   0.43529   0.62353
   0.00000   0.44706   0.63137
   0.00000   0.45882   0.63922
   0.00000   0.47059   0.64706
   0.00000   0.48235   0.65490
   0.00000   0.49412   0.66274
   0.01177   0.50588   0.67059
   0.03529   0.51765   0.67843
   0.05882   0.52941   0.68628
   0.08235   0.54118   0.69412
   0.10588   0.55294   0.70196
   0.12941   0.56471   0.70980
   0.14118   0.57059   0.71372
   0.17647   0.58824   0.72549
   0.20000   0.60000   0.73333
   0.22353   0.61177   0.74118
   0.24706   0.62353   0.74902
   0.27059   0.63529   0.75686
   0.29412   0.64706   0.76471
   0.31765   0.65882   0.77255
   0.34118   0.67059   0.78039
   0.36471   0.68235   0.78824
   0.38824   0.69412   0.79608
   0.41177   0.70588   0.80392
   0.43529   0.71765   0.81177
   0.45882   0.72941   0.81961
   0.48235   0.74118   0.82745
   0.50588   0.75294   0.83529
   0.51765   0.75882   0.83922
   0.55294   0.77647   0.85098
   0.57647   0.78824   0.85882
   0.60000   0.80000   0.86667
   0.62353   0.81177   0.87451
   0.64706   0.82353   0.88235
   0.67059   0.83529   0.89020
   0.69412   0.84706   0.89804
   0.71765   0.85882   0.90588
   0.74118   0.87059   0.91373
   0.76471   0.88235   0.92157
   0.78824   0.89412   0.92941
   0.81177   0.90588   0.93726
   0.83529   0.91765   0.94510
   0.85882   0.92941   0.95294
   0.88235   0.94118   0.96078
   0.89412   0.94706   0.96471
   0.92941   0.96471   0.97647
   0.95294   0.97647   0.98431
   0.97647   0.98823   0.99216
   1.00000   1.00000   1.00000
