   0.65475   0.00738   0.14917
   0.67013   0.02214   0.14948
   0.68551   0.03691   0.14979
   0.70088   0.05167   0.15010
   0.71626   0.06644   0.15040
   0.73164   0.08120   0.15071
   0.74702   0.09596   0.15102
   0.76240   0.11073   0.15133
   0.77778   0.12549   0.15163
   0.78547   0.13287   0.15179
   0.80853   0.15502   0.15225
   0.81622   0.16240   0.15240
   0.83929   0.18454   0.15286
   0.84537   0.19293   0.15509
   0.85875   0.22107   0.16801
   0.86321   0.23045   0.17232
   0.87659   0.25859   0.18524
   0.88551   0.27735   0.19385
   0.88996   0.28674   0.19816
   0.90334   0.31488   0.21107
   0.91227   0.33364   0.21969
   0.92118   0.35240   0.22830
   0.92564   0.36178   0.23260
   0.93902   0.38993   0.24552
   0.94794   0.40869   0.25413
   0.95686   0.42745   0.26274
   0.95825   0.43745   0.26736
   0.96240   0.46744   0.28120
   0.96517   0.48743   0.29043
   0.96794   0.50742   0.29965
   0.96932   0.51742   0.30427
   0.97347   0.54741   0.31811
   0.97624   0.56740   0.32734
   0.97901   0.58739   0.33656
   0.98178   0.60738   0.34579
   0.98454   0.62737   0.35502
   0.98731   0.64737   0.36424
   0.98870   0.65736   0.36886
   0.99223   0.68620   0.38401
   0.99254   0.70158   0.39846
   0.99285   0.71696   0.41292
   0.99316   0.73233   0.42737
   0.99346   0.74771   0.44183
   0.99377   0.76309   0.45629
   0.99408   0.77847   0.47074
   0.99423   0.78616   0.47797
   0.99469   0.80923   0.49965
   0.99500   0.82461   0.51411
   0.99531   0.83999   0.52857
   0.99562   0.85536   0.54302
   0.99593   0.87074   0.55748
   0.99623   0.88320   0.57193
   0.99654   0.89273   0.58639
   0.99669   0.89750   0.59362
   0.99716   0.91180   0.61530
   0.99746   0.92134   0.62976
   0.99777   0.93087   0.64421
   0.99808   0.94041   0.65867
   0.99839   0.94994   0.67313
   0.99869   0.95948   0.68758
   0.99900   0.96901   0.70204
   0.99915   0.97378   0.70927
   0.99962   0.98808   0.73095
   0.99992   0.99762   0.74541
   0.99285   0.99723   0.76217
   0.98331   0.99354   0.77970
   0.97378   0.98985   0.79723
   0.96425   0.98616   0.81476
   0.95471   0.98247   0.83230
   0.94517   0.97878   0.84983
   0.93564   0.97509   0.86736
   0.92611   0.97140   0.88489
   0.91657   0.96771   0.90242
   0.90704   0.96401   0.91995
   0.89750   0.96032   0.93749
   0.89273   0.95848   0.94625
   0.87843   0.95294   0.97255
   0.86213   0.94494   0.96794
   0.84583   0.93695   0.96332
   0.82953   0.92895   0.95871
   0.81323   0.92095   0.95410
   0.79692   0.91296   0.94948
   0.78062   0.90496   0.94487
   0.76432   0.89696   0.94025
   0.74802   0.88897   0.93564
   0.73172   0.88097   0.93103
   0.71542   0.87297   0.92641
   0.69912   0.86497   0.92180
   0.68281   0.85698   0.91719
   0.66636   0.84760   0.91188
   0.64944   0.83406   0.90450
   0.64098   0.82730   0.90081
   0.61561   0.80700   0.88973
   0.59869   0.79346   0.88235
   0.58178   0.77993   0.87497
   0.56486   0.76640   0.86759
   0.54794   0.75286   0.86021
   0.53103   0.73933   0.85283
   0.51411   0.72580   0.84544
   0.49719   0.71227   0.83806
   0.48028   0.69873   0.83068
   0.46336   0.68520   0.82330
   0.44767   0.66982   0.81515
   0.43322   0.65259   0.80623
   0.41876   0.63537   0.79731
   0.40431   0.61815   0.78839
   0.38985   0.60092   0.77947
   0.38262   0.59231   0.77501
   0.36094   0.56647   0.76163
   0.34648   0.54925   0.75271
   0.33203   0.53203   0.74379
   0.31757   0.51480   0.73487
   0.30311   0.49758   0.72595
   0.28866   0.48035   0.71703
   0.27420   0.46313   0.70811
   0.26597   0.44429   0.69873
   0.25982   0.42491   0.68920
   0.25367   0.40554   0.67966
   0.24752   0.38616   0.67013
   0.24137   0.36678   0.66059
   0.23522   0.34740   0.65106
   0.22907   0.32803   0.64152
   0.22291   0.30865   0.63199
   0.21984   0.29896   0.62722
   0.21061   0.26990   0.61292
   0.20446   0.25052   0.60338
   0.19831   0.23114   0.59385
   0.19216   0.21177   0.58431
