   0.50588   0.12157   0.94118
   0.48627   0.11765   0.94118
   0.46667   0.11372   0.94510
   0.44706   0.10588   0.94902
   0.42353   0.10196   0.94902
   0.40392   0.09412   0.95294
   0.38039   0.09020   0.95686
   0.35686   0.08235   0.96078
   0.33726   0.07843   0.96078
   0.31373   0.07059   0.96471
   0.28627   0.06667   0.96863
   0.26274   0.05882   0.96863
   0.23922   0.05490   0.97255
   0.21569   0.04706   0.97647
   0.18823   0.04314   0.98039
   0.16471   0.03529   0.98039
   0.13725   0.02745   0.98431
   0.10980   0.02353   0.98823
   0.08235   0.01569   0.98823
   0.05490   0.01177   0.99216
   0.02745   0.00392   0.99608
   0.00000   0.00000   1.00000
   0.01177   0.02353   0.99216
   0.02353   0.04706   0.98823
   0.03922   0.07059   0.98039
   0.05098   0.09412   0.97647
   0.06667   0.11765   0.96863
   0.07843   0.14118   0.96471
   0.09020   0.16471   0.96078
   0.10196   0.18431   0.95294
   0.11372   0.20392   0.94902
   0.12941   0.22353   0.94118
   0.14118   0.24314   0.93726
   0.15294   0.26274   0.92941
   0.16471   0.28235   0.92549
   0.17647   0.29804   0.92157
   0.18823   0.31765   0.91373
   0.20000   0.33333   0.90980
   0.20784   0.34902   0.90196
   0.21961   0.36471   0.89804
   0.23137   0.38039   0.89020
   0.24314   0.39608   0.88627
   0.25490   0.41177   0.88235
   0.24706   0.41569   0.88627
   0.24314   0.41961   0.89020
   0.23529   0.42353   0.89804
   0.23137   0.43137   0.90196
   0.22353   0.43529   0.90980
   0.21961   0.44314   0.91373
   0.21177   0.45098   0.92157
   0.20392   0.45490   0.92549
   0.20000   0.46275   0.92941
   0.19216   0.47059   0.93726
   0.18431   0.47843   0.94118
   0.18039   0.48235   0.94902
   0.17255   0.49020   0.95294
   0.16471   0.49804   0.96078
   0.16078   0.50980   0.96471
   0.15294   0.51765   0.96863
   0.14510   0.52549   0.97647
   0.13725   0.53333   0.98039
   0.12941   0.54510   0.98823
   0.12157   0.55294   0.99216
   0.11372   0.56471   1.00000
   0.10980   0.56863   1.00000
   0.10588   0.57647   1.00000
   0.09804   0.58431   1.00000
   0.09412   0.59216   1.00000
   0.08627   0.60000   1.00000
   0.08235   0.60784   1.00000
   0.07451   0.61961   1.00000
   0.07059   0.62745   1.00000
   0.06667   0.63529   1.00000
   0.05882   0.64314   1.00000
   0.05490   0.65098   1.00000
   0.04706   0.66274   1.00000
   0.04314   0.67059   1.00000
   0.03529   0.67843   1.00000
   0.03137   0.69020   1.00000
   0.02745   0.69804   1.00000
   0.01961   0.70588   1.00000
   0.01569   0.71765   1.00000
   0.00784   0.72549   1.00000
   0.00392   0.73725   1.00000
   0.00000   0.74902   1.00000
   0.02745   0.74902   0.99608
   0.05490   0.74902   0.99216
   0.08235   0.74902   0.98823
   0.10980   0.74902   0.98431
   0.13725   0.75294   0.98431
   0.16078   0.75294   0.98039
   0.18823   0.75686   0.97647
   0.21569   0.75686   0.97255
   0.24314   0.76078   0.97255
   0.27059   0.76078   0.96863
   0.29412   0.76471   0.96471
   0.32157   0.76863   0.96078
   0.34510   0.76863   0.96078
   0.37255   0.77255   0.95686
   0.39608   0.77647   0.95294
   0.42353   0.78039   0.94902
   0.44706   0.78431   0.94902
   0.47451   0.78824   0.94510
   0.49804   0.79216   0.94118
   0.52157   0.79608   0.93726
   0.54902   0.80392   0.93726
   0.56078   0.80784   0.93726
   0.57255   0.81569   0.93726
   0.58431   0.81961   0.94118
   0.59608   0.82745   0.94118
   0.60784   0.83137   0.94510
   0.61961   0.83922   0.94510
   0.63137   0.84314   0.94902
   0.64314   0.85098   0.94902
   0.65882   0.85490   0.95294
   0.67059   0.86274   0.95294
   0.68235   0.86667   0.95686
   0.69412   0.87059   0.95686
   0.70588   0.87843   0.96078
   0.72157   0.88235   0.96078
   0.73333   0.89020   0.96471
   0.74510   0.89412   0.96471
   0.75686   0.90196   0.96863
   0.77255   0.90588   0.96863
   0.78431   0.91373   0.97255
   0.79608   0.91765   0.97255
   0.81177   0.92549   0.97647
   1.00000   1.00000   0.78431
   1.00000   0.99608   0.75294
   1.00000   0.99608   0.72549
   1.00000   0.99216   0.69804
   1.00000   0.98823   0.67059
   1.00000   0.98431   0.64314
   1.00000   0.98039   0.61569
   1.00000   0.97647   0.58431
   1.00000   0.97255   0.55686
   1.00000   0.96863   0.52941
   1.00000   0.96471   0.50196
   1.00000   0.95686   0.47451
   1.00000   0.95294   0.44706
   1.00000   0.94510   0.41961
   1.00000   0.93726   0.38824
   1.00000   0.93333   0.36078
   1.00000   0.92549   0.33333
   1.00000   0.91765   0.30588
   1.00000   0.90588   0.27843
   1.00000   0.89804   0.25098
   1.00000   0.89020   0.22353
   1.00000   0.88235   0.19216
   1.00000   0.87059   0.18431
   1.00000   0.86274   0.17647
   1.00000   0.85490   0.16471
   1.00000   0.84314   0.15686
   1.00000   0.83529   0.14902
   1.00000   0.82745   0.13725
   1.00000   0.81569   0.12941
   1.00000   0.80784   0.11765
   1.00000   0.79608   0.10980
   1.00000   0.78824   0.10196
   1.00000   0.77647   0.09020
   1.00000   0.76471   0.08235
   1.00000   0.75686   0.07451
   1.00000   0.74510   0.06274
   1.00000   0.73333   0.05490
   1.00000   0.72157   0.04314
   1.00000   0.70980   0.03529
   1.00000   0.70196   0.02745
   1.00000   0.69020   0.01569
   1.00000   0.67843   0.00784
   1.00000   0.66667   0.00000
   1.00000   0.65490   0.00000
   1.00000   0.64314   0.00000
   1.00000   0.63137   0.00000
   1.00000   0.61961   0.00000
   1.00000   0.60784   0.00000
   1.00000   0.59608   0.00000
   1.00000   0.58431   0.00000
   1.00000   0.57647   0.00000
   1.00000   0.56471   0.00000
   1.00000   0.55294   0.00000
   1.00000   0.54118   0.00000
   1.00000   0.52941   0.00000
   1.00000   0.51765   0.00000
   1.00000   0.50588   0.00000
   1.00000   0.49804   0.00000
   1.00000   0.48627   0.00000
   1.00000   0.47451   0.00000
   1.00000   0.46275   0.00000
   1.00000   0.45098   0.00000
   1.00000   0.43922   0.00000
   1.00000   0.43137   0.00000
   1.00000   0.40784   0.00000
   1.00000   0.38824   0.00000
   1.00000   0.36863   0.00000
   1.00000   0.34902   0.00000
   1.00000   0.32549   0.00000
   1.00000   0.30588   0.00000
   1.00000   0.28627   0.00000
   1.00000   0.26667   0.00000
   1.00000   0.24314   0.00000
   1.00000   0.22353   0.00000
   1.00000   0.20392   0.00000
   1.00000   0.18431   0.00000
   1.00000   0.16078   0.00000
   1.00000   0.14118   0.00000
   1.00000   0.12157   0.00000
   1.00000   0.10196   0.00000
   1.00000   0.07843   0.00000
   1.00000   0.05882   0.00000
   1.00000   0.03922   0.00000
   1.00000   0.01961   0.00000
   1.00000   0.00000   0.00000
   0.98823   0.00000   0.00000
   0.97647   0.00000   0.00000
   0.96863   0.00000   0.00000
   0.95686   0.00000   0.00000
   0.94510   0.00000   0.00000
   0.93726   0.00000   0.00000
   0.92549   0.00000   0.00000
   0.91765   0.00000   0.00000
   0.90588   0.00000   0.00000
   0.89412   0.00000   0.00000
   0.88627   0.00000   0.00000
   0.87451   0.00000   0.00000
   0.86274   0.00000   0.00000
   0.85490   0.00000   0.00000
   0.84314   0.00000   0.00000
   0.83529   0.00000   0.00000
   0.82353   0.00000   0.00000
   0.81177   0.00000   0.00000
   0.80392   0.00000   0.00000
   0.79216   0.00000   0.00000
   0.78431   0.00000   0.00000
   0.79216   0.02353   0.02353
   0.80392   0.05098   0.05098
   0.81177   0.07843   0.07843
   0.82353   0.10588   0.10588
   0.83529   0.13725   0.13725
   0.84314   0.16863   0.16863
   0.85490   0.19608   0.19608
   0.86274   0.22745   0.22745
   0.87451   0.25882   0.25882
   0.88627   0.29412   0.29412
   0.89412   0.32549   0.32549
   0.90588   0.36078   0.36078
   0.91765   0.39608   0.39608
   0.92549   0.43137   0.43137
   0.93726   0.46667   0.46667
   0.94510   0.50196   0.50196
   0.95686   0.54118   0.54118
   0.96863   0.57647   0.57647
   0.97647   0.61569   0.61569
   0.98823   0.65490   0.65490
   1.00000   0.69804   0.69804
