   0.16471   0.00000   0.49804
   0.16471   0.00000   0.50980
   0.16471   0.00000   0.52157
   0.16471   0.00000   0.53333
   0.16471   0.00000   0.54510
   0.16078   0.00000   0.55686
   0.16078   0.00000   0.56863
   0.16078   0.00000   0.58039
   0.15686   0.00000   0.59216
   0.15686   0.00000   0.60392
   0.15686   0.00000   0.61569
   0.15294   0.00000   0.62745
   0.15294   0.00000   0.63922
   0.14902   0.00000   0.65098
   0.14510   0.00000   0.66275
   0.14510   0.00000   0.67451
   0.14118   0.00000   0.68627
   0.13725   0.00000   0.69804
   0.13333   0.00000   0.70980
   0.13333   0.00000   0.72157
   0.12941   0.00000   0.73333
   0.12549   0.00000   0.74510
   0.12157   0.00000   0.75686
   0.11765   0.00000   0.76863
   0.10980   0.00000   0.78039
   0.10588   0.00000   0.79216
   0.10196   0.00000   0.80392
   0.09804   0.00000   0.81569
   0.09412   0.00000   0.82745
   0.08627   0.00000   0.83922
   0.08235   0.00000   0.85098
   0.07451   0.00000   0.86275
   0.07059   0.00000   0.87451
   0.06275   0.00000   0.88627
   0.05882   0.00000   0.89804
   0.05098   0.00000   0.90980
   0.04706   0.00000   0.92157
   0.03922   0.00000   0.93333
   0.03137   0.00000   0.94510
   0.02353   0.00000   0.95686
   0.01569   0.00000   0.96863
   0.00784   0.00000   0.98039
   0.00000   0.00000   0.99216
   0.00392   0.00784   1.00000
   0.01569   0.02745   1.00000
   0.02745   0.04706   1.00000
   0.03922   0.06667   1.00000
   0.05098   0.08627   1.00000
   0.06275   0.10196   1.00000
   0.07451   0.12157   1.00000
   0.08627   0.14118   1.00000
   0.09804   0.15686   1.00000
   0.10980   0.17647   1.00000
   0.12157   0.19216   1.00000
   0.13333   0.21176   1.00000
   0.14510   0.22745   1.00000
   0.15686   0.24706   1.00000
   0.16863   0.26275   1.00000
   0.18039   0.27843   1.00000
   0.19216   0.29804   1.00000
   0.20392   0.31373   1.00000
   0.21569   0.32941   1.00000
   0.22745   0.34510   1.00000
   0.23922   0.36078   1.00000
   0.25098   0.37647   1.00000
   0.26275   0.39216   1.00000
   0.27451   0.40784   1.00000
   0.28627   0.42353   1.00000
   0.29804   0.43922   1.00000
   0.30980   0.45098   1.00000
   0.32157   0.46667   1.00000
   0.33333   0.48235   1.00000
   0.34510   0.49804   1.00000
   0.35686   0.50980   1.00000
   0.36863   0.52549   1.00000
   0.38039   0.53725   1.00000
   0.39216   0.55294   1.00000
   0.40392   0.56471   1.00000
   0.41569   0.57647   1.00000
   0.42745   0.59216   1.00000
   0.43922   0.60392   1.00000
   0.45098   0.61569   1.00000
   0.46275   0.62745   1.00000
   0.47451   0.63922   1.00000
   0.48627   0.65098   1.00000
   0.49804   0.66667   1.00000
   0.50980   0.67451   1.00000
   0.52157   0.68627   1.00000
   0.53333   0.69804   1.00000
   0.54510   0.70980   1.00000
   0.55686   0.72157   1.00000
   0.56863   0.73333   1.00000
   0.58039   0.74118   1.00000
   0.59216   0.75294   1.00000
   0.60392   0.76471   1.00000
   0.61569   0.77255   1.00000
   0.62745   0.78431   1.00000
   0.63922   0.79216   1.00000
   0.65098   0.80392   1.00000
   0.66275   0.81176   1.00000
   0.67451   0.81961   1.00000
   0.68627   0.82745   1.00000
   0.69804   0.83922   1.00000
   0.70980   0.84706   1.00000
   0.72157   0.85490   1.00000
   0.73333   0.86275   1.00000
   0.74510   0.87059   1.00000
   0.75686   0.87843   1.00000
   0.76863   0.88627   1.00000
   0.78039   0.89412   1.00000
   0.79216   0.90196   1.00000
   0.80392   0.90980   1.00000
   0.81569   0.91373   1.00000
   0.82745   0.92157   1.00000
   0.83922   0.92941   1.00000
   0.85098   0.93333   1.00000
   0.86275   0.94118   1.00000
   0.87451   0.94510   1.00000
   0.88627   0.95294   1.00000
   0.89804   0.95686   1.00000
   0.90980   0.96471   1.00000
   0.92157   0.96863   1.00000
   0.93333   0.97255   1.00000
   0.94510   0.98039   1.00000
   0.95686   0.98431   1.00000
   0.96863   0.98824   1.00000
   0.98039   0.99216   1.00000
   0.99216   0.99608   1.00000
   1.00000   0.99608   0.99216
   1.00000   0.99216   0.98039
   1.00000   0.98824   0.96863
   1.00000   0.98431   0.95686
   1.00000   0.98039   0.94510
   1.00000   0.97255   0.93333
   1.00000   0.96863   0.92157
   1.00000   0.96471   0.90980
   1.00000   0.95686   0.89804
   1.00000   0.95294   0.88627
   1.00000   0.94510   0.87451
   1.00000   0.94118   0.86275
   1.00000   0.93333   0.85098
   1.00000   0.92941   0.83922
   1.00000   0.92157   0.82745
   1.00000   0.91373   0.81569
   1.00000   0.90980   0.80392
   1.00000   0.90196   0.79216
   1.00000   0.89412   0.78039
   1.00000   0.88627   0.76863
   1.00000   0.87843   0.75686
   1.00000   0.87059   0.74510
   1.00000   0.86275   0.73333
   1.00000   0.85490   0.72157
   1.00000   0.84706   0.70980
   1.00000   0.83922   0.69804
   1.00000   0.82745   0.68627
   1.00000   0.81961   0.67451
   1.00000   0.81176   0.66275
   1.00000   0.80392   0.65098
   1.00000   0.79216   0.63922
   1.00000   0.78431   0.62745
   1.00000   0.77255   0.61569
   1.00000   0.76471   0.60392
   1.00000   0.75294   0.59216
   1.00000   0.74118   0.58039
   1.00000   0.73333   0.56863
   1.00000   0.72157   0.55686
   1.00000   0.70980   0.54510
   1.00000   0.69804   0.53333
   1.00000   0.68627   0.52157
   1.00000   0.67451   0.50980
   1.00000   0.66275   0.49804
   1.00000   0.65098   0.48627
   1.00000   0.63922   0.47451
   1.00000   0.62745   0.46275
   1.00000   0.61569   0.45098
   1.00000   0.60392   0.43922
   1.00000   0.59216   0.42745
   1.00000   0.57647   0.41569
   1.00000   0.56471   0.40392
   1.00000   0.55294   0.39216
   1.00000   0.53725   0.38039
   1.00000   0.52549   0.36863
   1.00000   0.50980   0.35686
   1.00000   0.49804   0.34510
   1.00000   0.48235   0.33333
   1.00000   0.46667   0.32157
   1.00000   0.45098   0.30980
   1.00000   0.43922   0.29804
   1.00000   0.42353   0.28627
   1.00000   0.40784   0.27451
   1.00000   0.39216   0.26275
   1.00000   0.37647   0.25098
   1.00000   0.36078   0.23922
   1.00000   0.34510   0.22745
   1.00000   0.32941   0.21569
   1.00000   0.31373   0.20392
   1.00000   0.29804   0.19216
   1.00000   0.27843   0.18039
   1.00000   0.26275   0.16863
   1.00000   0.24706   0.15686
   1.00000   0.22745   0.14510
   1.00000   0.21176   0.13333
   1.00000   0.19216   0.12157
   1.00000   0.17647   0.10980
   1.00000   0.15686   0.09804
   1.00000   0.14118   0.08627
   1.00000   0.12157   0.07451
   1.00000   0.10196   0.06275
   1.00000   0.08627   0.05098
   1.00000   0.06667   0.03922
   1.00000   0.04706   0.02745
   1.00000   0.02745   0.01569
   1.00000   0.00784   0.00392
   0.99216   0.00000   0.00000
   0.98039   0.00000   0.00784
   0.96863   0.00000   0.01569
   0.95686   0.00000   0.02353
   0.94510   0.00000   0.03137
   0.93333   0.00000   0.03922
   0.92157   0.00000   0.04706
   0.90980   0.00000   0.05098
   0.89804   0.00000   0.05882
   0.88627   0.00000   0.06275
   0.87451   0.00000   0.07059
   0.86275   0.00000   0.07451
   0.85098   0.00000   0.08235
   0.83922   0.00000   0.08627
   0.82745   0.00000   0.09412
   0.81569   0.00000   0.09804
   0.80392   0.00000   0.10196
   0.79216   0.00000   0.10588
   0.78039   0.00000   0.10980
   0.76863   0.00000   0.11765
   0.75686   0.00000   0.12157
   0.74510   0.00000   0.12549
   0.73333   0.00000   0.12941
   0.72157   0.00000   0.13333
   0.70980   0.00000   0.13333
   0.69804   0.00000   0.13725
   0.68627   0.00000   0.14118
   0.67451   0.00000   0.14510
   0.66275   0.00000   0.14510
   0.65098   0.00000   0.14902
   0.63922   0.00000   0.15294
   0.62745   0.00000   0.15294
   0.61569   0.00000   0.15686
   0.60392   0.00000   0.15686
   0.59216   0.00000   0.15686
   0.58039   0.00000   0.16078
   0.56863   0.00000   0.16078
   0.55686   0.00000   0.16078
   0.54510   0.00000   0.16471
   0.53333   0.00000   0.16471
   0.52157   0.00000   0.16471
