   0.14902   0.00000   0.19608
   0.14902   0.00000   0.20000
   0.14902   0.00000   0.20000
   0.14902   0.00000   0.20000
   0.15294   0.00000   0.20392
   0.15294   0.00000   0.20392
   0.15294   0.00000   0.20784
   0.15686   0.00000   0.21176
   0.16078   0.00000   0.21569
   0.16078   0.00000   0.22353
   0.16471   0.00000   0.22745
   0.16863   0.00000   0.23529
   0.17255   0.00000   0.23922
   0.17647   0.00000   0.24706
   0.18039   0.00000   0.25490
   0.18431   0.00000   0.26275
   0.18824   0.00000   0.27451
   0.19608   0.00000   0.28235
   0.20000   0.00000   0.29412
   0.20392   0.00000   0.30196
   0.20784   0.00000   0.31373
   0.21176   0.00000   0.32549
   0.21961   0.00000   0.33725
   0.22353   0.00000   0.34902
   0.22745   0.00000   0.36078
   0.23137   0.00000   0.37647
   0.23529   0.00000   0.38824
   0.23922   0.00000   0.40392
   0.24314   0.00000   0.41569
   0.24706   0.00000   0.43137
   0.25098   0.00000   0.44706
   0.25490   0.00000   0.45882
   0.25490   0.00000   0.47451
   0.25882   0.00000   0.49020
   0.25882   0.00000   0.50588
   0.25882   0.00000   0.52157
   0.25882   0.00000   0.53725
   0.25882   0.00000   0.55294
   0.25882   0.00000   0.56863
   0.25490   0.00000   0.58824
   0.25490   0.00000   0.60392
   0.25098   0.00000   0.61961
   0.24706   0.00000   0.63529
   0.24314   0.00000   0.65098
   0.23529   0.00000   0.66667
   0.23137   0.00000   0.68235
   0.22353   0.00000   0.70196
   0.21569   0.00000   0.71765
   0.20392   0.00000   0.73333
   0.19608   0.00000   0.74902
   0.18431   0.00000   0.76471
   0.17255   0.00000   0.77647
   0.16078   0.00000   0.79216
   0.14902   0.00000   0.80784
   0.13333   0.00000   0.82353
   0.11765   0.00000   0.83529
   0.10196   0.00000   0.85098
   0.08235   0.00000   0.86275
   0.06667   0.00000   0.87451
   0.04706   0.00000   0.88627
   0.02745   0.00000   0.89804
   0.00784   0.00000   0.90980
   0.00000   0.01176   0.92157
   0.00000   0.03137   0.92941
   0.00000   0.05490   0.94118
   0.00000   0.07843   0.94902
   0.00000   0.10196   0.95686
   0.00000   0.12941   0.96471
   0.00000   0.15294   0.96863
   0.00000   0.18039   0.97647
   0.00000   0.20392   0.98039
   0.00000   0.23137   0.98431
   0.00000   0.25882   0.98824
   0.00000   0.28627   0.99216
   0.00000   0.31373   0.99216
   0.00000   0.33725   0.99216
   0.00000   0.36471   0.99216
   0.00000   0.39216   0.99216
   0.00000   0.41961   0.99216
   0.00000   0.44706   0.99216
   0.00000   0.47451   0.99216
   0.00000   0.50196   0.99216
   0.00000   0.53333   0.98824
   0.00000   0.56078   0.98824
   0.00000   0.58824   0.98824
   0.00000   0.61569   0.98824
   0.00000   0.64706   0.98824
   0.00000   0.67451   0.98824
   0.00000   0.70588   0.98824
   0.00000   0.73333   0.98824
   0.00000   0.76078   0.98431
   0.00000   0.79216   0.98431
   0.00000   0.82353   0.98431
   0.00000   0.85098   0.98431
   0.00000   0.88235   0.98039
   0.00000   0.90980   0.98039
   0.00000   0.94118   0.98039
   0.00000   0.96863   0.98039
   0.00000   0.97647   0.95686
   0.00000   0.97647   0.92157
   0.00000   0.97255   0.89020
   0.00000   0.97255   0.85882
   0.00000   0.96863   0.82353
   0.00000   0.96863   0.79216
   0.00000   0.96471   0.75686
   0.00000   0.96078   0.72549
   0.00000   0.96078   0.69020
   0.00000   0.95686   0.65490
   0.00000   0.95294   0.62353
   0.00000   0.94510   0.58824
   0.00000   0.94118   0.55294
   0.00000   0.93333   0.51765
   0.00000   0.92941   0.48235
   0.00000   0.92157   0.44706
   0.00000   0.90980   0.41176
   0.00000   0.89804   0.37647
   0.00000   0.88627   0.34118
   0.00000   0.87059   0.30588
   0.00000   0.85098   0.27059
   0.00000   0.83137   0.23922
   0.00000   0.80784   0.20392
   0.00000   0.77647   0.16863
   0.00000   0.74510   0.13725
   0.00000   0.70980   0.10588
   0.00000   0.67451   0.07843
   0.00000   0.63922   0.05098
   0.00000   0.61569   0.02745
   0.00000   0.60000   0.00784
   0.00784   0.60000   0.00000
   0.02745   0.61569   0.00000
   0.05098   0.63922   0.00000
   0.07843   0.67451   0.00000
   0.10588   0.70980   0.00000
   0.13725   0.74510   0.00000
   0.16863   0.77647   0.00000
   0.20392   0.80784   0.00000
   0.23922   0.83137   0.00000
   0.27059   0.85098   0.00000
   0.30588   0.87059   0.00000
   0.34118   0.88627   0.00000
   0.37647   0.89804   0.00000
   0.41176   0.90980   0.00000
   0.44706   0.92157   0.00000
   0.48235   0.92941   0.00000
   0.51765   0.93333   0.00000
   0.55294   0.94118   0.00000
   0.58824   0.94510   0.00000
   0.62353   0.95294   0.00000
   0.65490   0.95686   0.00000
   0.69020   0.96078   0.00000
   0.72549   0.96078   0.00000
   0.75686   0.96471   0.00000
   0.79216   0.96863   0.00000
   0.82353   0.96863   0.00000
   0.85882   0.97255   0.00000
   0.89020   0.97255   0.00000
   0.92157   0.97647   0.00000
   0.95686   0.97647   0.00000
   0.98039   0.96863   0.00000
   0.98039   0.94118   0.00000
   0.98039   0.90980   0.00000
   0.98039   0.88235   0.00000
   0.98431   0.85098   0.00000
   0.98431   0.82353   0.00000
   0.98431   0.79216   0.00000
   0.98431   0.76078   0.00000
   0.98824   0.73333   0.00000
   0.98824   0.70588   0.00000
   0.98824   0.67451   0.00000
   0.98824   0.64706   0.00000
   0.98824   0.61569   0.00000
   0.98824   0.58824   0.00000
   0.98824   0.56078   0.00000
   0.98824   0.53333   0.00000
   0.99216   0.50196   0.00000
   0.99216   0.47451   0.00000
   0.99216   0.44706   0.00000
   0.99216   0.41961   0.00000
   0.99216   0.39216   0.00000
   0.99216   0.36471   0.00000
   0.99216   0.33725   0.00000
   0.99216   0.31373   0.00000
   0.99216   0.28627   0.00000
   0.98824   0.25882   0.00000
   0.98431   0.23137   0.00000
   0.98039   0.20392   0.00000
   0.97647   0.18039   0.00000
   0.96863   0.15294   0.00000
   0.96471   0.12941   0.00000
   0.95686   0.10196   0.00000
   0.94902   0.07843   0.00000
   0.94118   0.05490   0.00000
   0.92941   0.03137   0.00000
   0.92157   0.01176   0.00000
   0.90980   0.00000   0.00784
   0.89804   0.00000   0.02745
   0.88627   0.00000   0.04706
   0.87451   0.00000   0.06667
   0.86275   0.00000   0.08235
   0.85098   0.00000   0.10196
   0.83529   0.00000   0.11765
   0.82353   0.00000   0.13333
   0.80784   0.00000   0.14902
   0.79216   0.00000   0.16078
   0.77647   0.00000   0.17255
   0.76471   0.00000   0.18431
   0.74902   0.00000   0.19608
   0.73333   0.00000   0.20392
   0.71765   0.00000   0.21569
   0.70196   0.00000   0.22353
   0.68235   0.00000   0.23137
   0.66667   0.00000   0.23529
   0.65098   0.00000   0.24314
   0.63529   0.00000   0.24706
   0.61961   0.00000   0.25098
   0.60392   0.00000   0.25490
   0.58824   0.00000   0.25490
   0.56863   0.00000   0.25882
   0.55294   0.00000   0.25882
   0.53725   0.00000   0.25882
   0.52157   0.00000   0.25882
   0.50588   0.00000   0.25882
   0.49020   0.00000   0.25882
   0.47451   0.00000   0.25490
   0.45882   0.00000   0.25490
   0.44706   0.00000   0.25098
   0.43137   0.00000   0.24706
   0.41569   0.00000   0.24314
   0.40392   0.00000   0.23922
   0.38824   0.00000   0.23529
   0.37647   0.00000   0.23137
   0.36078   0.00000   0.22745
   0.34902   0.00000   0.22353
   0.33725   0.00000   0.21961
   0.32549   0.00000   0.21176
   0.31373   0.00000   0.20784
   0.30196   0.00000   0.20392
   0.29412   0.00000   0.20000
   0.28235   0.00000   0.19608
   0.27451   0.00000   0.18824
   0.26275   0.00000   0.18431
   0.25490   0.00000   0.18039
   0.24706   0.00000   0.17647
   0.23922   0.00000   0.17255
   0.23529   0.00000   0.16863
   0.22745   0.00000   0.16471
   0.22353   0.00000   0.16078
   0.21569   0.00000   0.16078
   0.21176   0.00000   0.15686
   0.20784   0.00000   0.15294
   0.20392   0.00000   0.15294
   0.20392   0.00000   0.15294
   0.20000   0.00000   0.14902
   0.20000   0.00000   0.14902
