   0.40392   0.00784   0.49412
   0.41961   0.01961   0.52157
   0.43137   0.03922   0.54510
   0.44314   0.06275   0.56078
   0.44706   0.07843   0.57647
   0.44314   0.09020   0.58039
   0.43137   0.09020   0.58431
   0.41961   0.07843   0.58431
   0.40392   0.06275   0.58431
   0.38824   0.03922   0.59608
   0.38039   0.02353   0.61569
   0.37255   0.00784   0.64314
   0.37255   0.00000   0.67451
   0.37255   0.00000   0.70980
   0.37255   0.00000   0.74118
   0.37255   0.01569   0.76863
   0.37647   0.03529   0.78824
   0.37647   0.06667   0.80000
   0.37647   0.09412   0.80784
   0.37255   0.11765   0.80784
   0.35294   0.12549   0.79608
   0.32941   0.11765   0.78431
   0.29412   0.10196   0.77255
   0.25098   0.07451   0.76471
   0.21176   0.04706   0.76863
   0.17647   0.02353   0.78039
   0.14510   0.00784   0.80784
   0.12157   0.00000   0.83922
   0.09804   0.00000   0.87059
   0.08235   0.00392   0.89804
   0.07451   0.02353   0.91765
   0.07843   0.05098   0.92941
   0.08627   0.08235   0.93725
   0.11765   0.13725   0.93333
   0.13725   0.18039   0.92157
   0.14118   0.20392   0.90196
   0.13333   0.21176   0.87843
   0.10588   0.20784   0.85882
   0.07843   0.20000   0.84706
   0.04706   0.19608   0.84706
   0.01961   0.20000   0.86275
   0.00392   0.21569   0.88627
   0.00000   0.23922   0.91373
   0.00000   0.27059   0.94510
   0.00784   0.30980   0.96863
   0.02745   0.34902   0.98039
   0.05882   0.39608   0.98824
   0.09804   0.43922   0.98824
   0.12941   0.47451   0.98039
   0.14510   0.49412   0.96078
   0.14902   0.50196   0.93725
   0.13333   0.49804   0.90980
   0.10588   0.49020   0.88627
   0.07451   0.48235   0.87451
   0.04314   0.48235   0.87451
   0.01961   0.49804   0.88627
   0.00392   0.52157   0.90980
   0.00000   0.55294   0.93725
   0.00000   0.58431   0.96471
   0.01176   0.61961   0.98431
   0.03529   0.65098   0.99608
   0.06667   0.67843   0.99608
   0.10588   0.70196   0.99608
   0.13333   0.71765   0.98431
   0.14902   0.72157   0.96078
   0.14510   0.71373   0.93333
   0.12941   0.69804   0.90588
   0.09804   0.68627   0.88627
   0.06667   0.68235   0.87451
   0.03529   0.68627   0.87451
   0.01569   0.70588   0.89020
   0.00000   0.73725   0.91765
   0.00000   0.77255   0.94510
   0.00000   0.80392   0.97255
   0.01569   0.83529   0.98824
   0.04314   0.85882   0.99608
   0.07451   0.87843   0.99608
   0.10980   0.89020   0.99216
   0.13725   0.89020   0.98039
   0.14902   0.88235   0.95686
   0.14510   0.86667   0.92941
   0.12157   0.85098   0.90196
   0.09412   0.84314   0.88235
   0.05882   0.84314   0.87451
   0.03137   0.85882   0.87843
   0.01176   0.89020   0.89804
   0.00000   0.92157   0.91765
   0.00000   0.94902   0.92941
   0.00392   0.97647   0.94118
   0.01961   0.99216   0.94118
   0.04706   0.99608   0.93333
   0.08235   0.99608   0.92157
   0.11765   0.99216   0.90196
   0.14118   0.97647   0.87843
   0.14902   0.95294   0.84314
   0.14118   0.92157   0.80392
   0.11765   0.89804   0.76078
   0.08627   0.87843   0.72549
   0.05490   0.87451   0.69804
   0.02745   0.88235   0.68235
   0.00784   0.90196   0.67451
   0.00000   0.92941   0.67451
   0.00000   0.95686   0.67059
   0.00392   0.98039   0.67059
   0.02353   0.99216   0.66275
   0.05490   0.99608   0.65490
   0.09020   0.99608   0.64314
   0.12549   0.98824   0.63137
   0.14510   0.97255   0.60784
   0.14902   0.94510   0.57647
   0.13725   0.91765   0.53333
   0.10980   0.89412   0.49020
   0.07843   0.87843   0.44314
   0.04706   0.87451   0.40392
   0.02353   0.88627   0.36863
   0.00392   0.90588   0.34118
   0.00000   0.93333   0.32157
   0.00000   0.96078   0.30196
   0.00784   0.98431   0.28627
   0.03137   0.99608   0.27843
   0.06275   0.99608   0.27451
   0.09804   0.99608   0.27451
   0.12941   0.98431   0.27451
   0.14902   0.96471   0.25882
   0.14902   0.94118   0.23529
   0.13333   0.90980   0.19216
   0.10588   0.88627   0.14118
   0.07451   0.87451   0.08627
   0.05490   0.87451   0.04314
   0.05882   0.88627   0.01569
   0.07059   0.90980   0.00392
   0.09804   0.94118   0.00000
   0.13333   0.96471   0.00000
   0.17647   0.98431   0.01176
   0.22745   0.99608   0.03529
   0.28235   0.99608   0.07059
   0.33333   0.99608   0.10588
   0.37647   0.98431   0.13333
   0.40784   0.96078   0.14902
   0.41961   0.93333   0.14510
   0.41961   0.90588   0.12941
   0.41569   0.88627   0.09804
   0.41176   0.87451   0.06667
   0.41961   0.87843   0.03529
   0.43922   0.89412   0.01176
   0.46667   0.91765   0.00000
   0.50588   0.94510   0.00000
   0.54510   0.97255   0.00000
   0.58824   0.98824   0.01569
   0.62745   0.99608   0.04314
   0.66275   0.99608   0.07451
   0.69020   0.99216   0.10980
   0.70980   0.98039   0.13725
   0.71765   0.95686   0.14902
   0.71373   0.92941   0.14510
   0.70588   0.90196   0.12157
   0.69804   0.88235   0.09412
   0.70196   0.87451   0.05882
   0.71373   0.87843   0.03137
   0.74510   0.89804   0.01176
   0.78039   0.92157   0.00000
   0.81961   0.95294   0.00000
   0.85882   0.97647   0.00392
   0.89412   0.99216   0.01961
   0.91765   0.99608   0.04706
   0.93725   0.99608   0.08235
   0.94510   0.99216   0.11765
   0.94510   0.97647   0.14118
   0.93333   0.94902   0.14902
   0.91765   0.92157   0.14118
   0.89804   0.89020   0.11765
   0.87843   0.85882   0.08627
   0.87451   0.84314   0.05490
   0.88235   0.83922   0.02745
   0.90196   0.84314   0.00784
   0.92941   0.85490   0.00000
   0.95686   0.87059   0.00000
   0.98039   0.87843   0.00392
   0.99216   0.87843   0.02353
   0.99608   0.87451   0.05490
   0.99608   0.86667   0.09020
   0.98824   0.85098   0.12549
   0.97255   0.83137   0.14510
   0.94510   0.80000   0.14902
   0.91765   0.76471   0.13725
   0.89020   0.72941   0.10980
   0.87451   0.69804   0.07843
   0.87451   0.67843   0.04706
   0.88627   0.66667   0.01961
   0.90588   0.66667   0.00392
   0.93333   0.67059   0.00000
   0.96078   0.67451   0.00000
   0.98431   0.67843   0.00784
   0.99608   0.67843   0.03137
   0.99608   0.67451   0.06275
   0.99608   0.67451   0.09804
   0.98431   0.66275   0.12941
   0.96471   0.64314   0.14902
   0.93725   0.61176   0.14902
   0.90980   0.57647   0.13333
   0.88627   0.53725   0.10588
   0.87451   0.49804   0.07059
   0.87451   0.46667   0.04314
   0.88627   0.44314   0.01569
   0.90980   0.43137   0.00392
   0.93725   0.41961   0.00000
   0.96078   0.41176   0.00000
   0.98039   0.40392   0.01176
   0.98824   0.40000   0.03529
   0.98824   0.40000   0.07059
   0.98039   0.40000   0.10588
   0.96863   0.39608   0.13333
   0.94510   0.37647   0.14510
   0.91373   0.34902   0.14510
   0.88627   0.30588   0.12549
   0.86275   0.25882   0.09412
   0.84706   0.21176   0.06275
   0.84706   0.16471   0.03529
   0.85882   0.12549   0.01176
   0.87843   0.09412   0.00000
   0.90196   0.07059   0.00000
   0.92157   0.05098   0.00000
   0.93333   0.03922   0.01569
   0.93725   0.03922   0.04314
   0.92941   0.07059   0.09804
   0.91765   0.10196   0.15294
   0.89804   0.12549   0.19608
   0.87059   0.13725   0.21961
   0.83922   0.12941   0.23137
   0.80784   0.10980   0.23137
   0.78039   0.08235   0.22353
   0.76863   0.05098   0.21569
   0.76471   0.02745   0.21569
   0.77255   0.00784   0.22745
   0.78431   0.00000   0.24706
   0.79608   0.00000   0.27059
   0.80784   0.00392   0.29804
   0.80784   0.01569   0.32941
   0.80000   0.03922   0.36078
   0.78824   0.06667   0.39216
   0.76863   0.09020   0.41569
   0.74118   0.10980   0.42745
   0.70980   0.11373   0.42745
   0.67451   0.10196   0.41961
   0.64314   0.08235   0.40784
   0.61569   0.05882   0.39216
   0.59608   0.03529   0.38824
   0.58431   0.01569   0.38824
   0.58431   0.00392   0.39216
   0.58431   0.00000   0.40392
   0.58039   0.00000   0.41569
   0.57647   0.00392   0.42745
   0.56078   0.01176   0.43137
   0.54510   0.03137   0.43137
