   0.18039   0.00000   0.49804
   0.17647   0.00000   0.52157
   0.16863   0.00000   0.54510
   0.15686   0.00000   0.56471
   0.14510   0.00000   0.58824
   0.13333   0.00000   0.60784
   0.12157   0.00000   0.62745
   0.10588   0.00000   0.64706
   0.09020   0.00000   0.66275
   0.07451   0.00000   0.68235
   0.05490   0.00000   0.69804
   0.03922   0.00000   0.71373
   0.01961   0.00000   0.72941
   0.00000   0.00000   0.74510
   0.00000   0.01569   0.76078
   0.00000   0.03922   0.77255
   0.00000   0.05882   0.78824
   0.00000   0.08235   0.80000
   0.00000   0.10196   0.81176
   0.00000   0.12549   0.82353
   0.00000   0.14902   0.83529
   0.00000   0.17255   0.84706
   0.00000   0.19216   0.85882
   0.00000   0.21569   0.86667
   0.00000   0.23922   0.87843
   0.00000   0.26275   0.88627
   0.00000   0.28627   0.89412
   0.00000   0.30588   0.90196
   0.00000   0.32941   0.90980
   0.00000   0.35294   0.91765
   0.00000   0.37255   0.92549
   0.00000   0.39216   0.92941
   0.00000   0.41569   0.93725
   0.00000   0.43529   0.94118
   0.00000   0.45490   0.94902
   0.00000   0.47451   0.95294
   0.00000   0.49412   0.95686
   0.00000   0.51373   0.96078
   0.00000   0.53333   0.96471
   0.00000   0.55294   0.96863
   0.00000   0.56863   0.97255
   0.00000   0.58824   0.97647
   0.00000   0.60392   0.97647
   0.00000   0.61961   0.98039
   0.00000   0.63529   0.98431
   0.00000   0.65098   0.98431
   0.00000   0.66667   0.98824
   0.00000   0.68235   0.98824
   0.00000   0.69804   0.99216
   0.00000   0.70980   0.99216
   0.00000   0.72549   0.99216
   0.00000   0.73725   0.99216
   0.00000   0.75294   0.99608
   0.00000   0.76471   0.99608
   0.00000   0.77647   0.99608
   0.00000   0.78824   0.99608
   0.00000   0.80000   0.99608
   0.00000   0.81569   0.99608
   0.00000   0.82745   0.99608
   0.00000   0.83922   0.99608
   0.00000   0.85098   0.99608
   0.00392   0.86275   0.99608
   0.00392   0.87451   0.99608
   0.00784   0.88235   0.99608
   0.00784   0.89412   1.00000
   0.01176   0.90588   1.00000
   0.01569   0.91765   1.00000
   0.01961   0.92941   1.00000
   0.02353   0.94118   1.00000
   0.02745   0.95294   1.00000
   0.03137   0.96471   1.00000
   0.03529   0.97647   1.00000
   0.03922   0.98824   1.00000
   0.04706   1.00000   0.99608
   0.05098   1.00000   0.98431
   0.05882   1.00000   0.97255
   0.06275   1.00000   0.96078
   0.07059   1.00000   0.94902
   0.07843   1.00000   0.93725
   0.08235   1.00000   0.92549
   0.09020   1.00000   0.91373
   0.09804   1.00000   0.90196
   0.10980   1.00000   0.89020
   0.11765   1.00000   0.87843
   0.12549   1.00000   0.86667
   0.13333   1.00000   0.85490
   0.14510   1.00000   0.84314
   0.15294   1.00000   0.83137
   0.16471   1.00000   0.81961
   0.17647   1.00000   0.80784
   0.18431   1.00000   0.80000
   0.19608   1.00000   0.78824
   0.20784   1.00000   0.77647
   0.21961   1.00000   0.76863
   0.23137   1.00000   0.75686
   0.24706   1.00000   0.74902
   0.25882   1.00000   0.74118
   0.27059   1.00000   0.73333
   0.28627   1.00000   0.72549
   0.29804   1.00000   0.71765
   0.31373   1.00000   0.70980
   0.32941   1.00000   0.70588
   0.34510   1.00000   0.69804
   0.35686   1.00000   0.69412
   0.37647   1.00000   0.69020
   0.39216   1.00000   0.68627
   0.40784   1.00000   0.68627
   0.42353   1.00000   0.68627
   0.44314   1.00000   0.68235
   0.45882   1.00000   0.68235
   0.47843   1.00000   0.68627
   0.49804   1.00000   0.68627
   0.51765   1.00000   0.69020
   0.53725   1.00000   0.69804
   0.55686   1.00000   0.70196
   0.58039   1.00000   0.70980
   0.60392   1.00000   0.71765
   0.62353   1.00000   0.72941
   0.64706   1.00000   0.73725
   0.67451   1.00000   0.75294
   0.69804   1.00000   0.76863
   0.72549   1.00000   0.78431
   0.75294   1.00000   0.80392
   0.78431   1.00000   0.82353
   0.81961   1.00000   0.84706
   0.85490   1.00000   0.87451
   0.89804   1.00000   0.90980
   0.95294   1.00000   0.95686
   0.98431   1.00000   0.95294
   0.97255   1.00000   0.89804
   0.96078   1.00000   0.85490
   0.95294   1.00000   0.81961
   0.94902   1.00000   0.78431
   0.94510   1.00000   0.75294
   0.94118   1.00000   0.72549
   0.94118   1.00000   0.69804
   0.93725   1.00000   0.67451
   0.93725   1.00000   0.64706
   0.93725   1.00000   0.62353
   0.94118   1.00000   0.60392
   0.94118   1.00000   0.58039
   0.94510   1.00000   0.55686
   0.94902   1.00000   0.53725
   0.94902   1.00000   0.51765
   0.95294   1.00000   0.49804
   0.95686   1.00000   0.47843
   0.96078   1.00000   0.45882
   0.96863   1.00000   0.44314
   0.97255   1.00000   0.42353
   0.97647   1.00000   0.40784
   0.98431   1.00000   0.39216
   0.98824   1.00000   0.37647
   0.99608   1.00000   0.35686
   1.00000   0.99608   0.34510
   1.00000   0.98824   0.32941
   1.00000   0.98039   0.31373
   1.00000   0.97255   0.29804
   1.00000   0.96863   0.28627
   1.00000   0.96078   0.27059
   1.00000   0.95294   0.25882
   1.00000   0.94510   0.24706
   1.00000   0.93725   0.23137
   1.00000   0.92941   0.21961
   1.00000   0.92157   0.20784
   1.00000   0.91373   0.19608
   1.00000   0.90588   0.18431
   1.00000   0.89412   0.17647
   1.00000   0.88627   0.16471
   1.00000   0.87843   0.15294
   1.00000   0.87059   0.14510
   1.00000   0.85882   0.13333
   1.00000   0.85098   0.12549
   1.00000   0.84314   0.11765
   1.00000   0.83137   0.10980
   1.00000   0.82353   0.09804
   1.00000   0.81176   0.09020
   1.00000   0.80000   0.08235
   1.00000   0.79216   0.07843
   1.00000   0.78039   0.07059
   1.00000   0.76863   0.06275
   1.00000   0.75686   0.05882
   1.00000   0.74510   0.05098
   1.00000   0.73333   0.04706
   1.00000   0.71765   0.03922
   1.00000   0.70588   0.03529
   1.00000   0.69412   0.03137
   1.00000   0.67843   0.02745
   1.00000   0.66667   0.02353
   1.00000   0.65098   0.01961
   1.00000   0.63529   0.01569
   1.00000   0.61961   0.01176
   1.00000   0.60392   0.00784
   0.99608   0.58824   0.00784
   0.99608   0.57255   0.00392
   0.99608   0.55686   0.00392
   0.99608   0.54118   0.00000
   0.99608   0.52157   0.00000
   0.99608   0.50588   0.00000
   0.99608   0.48627   0.00000
   0.99608   0.46667   0.00000
   0.99608   0.44706   0.00000
   0.99608   0.42745   0.00000
   0.99608   0.40784   0.00000
   0.99608   0.38824   0.00000
   0.99216   0.36863   0.00000
   0.99216   0.34510   0.00000
   0.99216   0.32549   0.00000
   0.99216   0.30196   0.00000
   0.98824   0.27843   0.00000
   0.98824   0.25490   0.00000
   0.98431   0.23137   0.00000
   0.98431   0.20784   0.00000
   0.98039   0.18431   0.00000
   0.97647   0.16078   0.00000
   0.97647   0.13333   0.00000
   0.97255   0.10980   0.00000
   0.96863   0.08235   0.00000
   0.96471   0.05882   0.00000
   0.96078   0.03137   0.00000
   0.95686   0.00784   0.00000
   0.95294   0.00000   0.01569
   0.94902   0.00000   0.03922
   0.94118   0.00000   0.06667
   0.93725   0.00000   0.09412
   0.92941   0.00000   0.11765
   0.92549   0.00000   0.14510
   0.91765   0.00000   0.16863
   0.90980   0.00000   0.19216
   0.90196   0.00000   0.21569
   0.89412   0.00000   0.23922
   0.88627   0.00000   0.26275
   0.87843   0.00000   0.28627
   0.86667   0.00000   0.30980
   0.85882   0.00000   0.32941
   0.84706   0.00000   0.34902
   0.83529   0.00000   0.36863
   0.82353   0.00000   0.38824
   0.81176   0.00000   0.40784
   0.80000   0.00000   0.42353
   0.78824   0.00000   0.43922
   0.77255   0.00000   0.45490
   0.76078   0.00000   0.46667
   0.74510   0.00000   0.47843
   0.72941   0.00000   0.49020
   0.71373   0.00000   0.49804
   0.69804   0.00000   0.50588
   0.68235   0.00000   0.50980
   0.66275   0.00000   0.51765
   0.64706   0.00000   0.51765
   0.62745   0.00000   0.52157
   0.60784   0.00000   0.51765
   0.58824   0.00000   0.51765
   0.56471   0.00000   0.51373
   0.54510   0.00000   0.50588
