   0.90980   0.59216   0.99608
   0.90196   0.56078   0.99608
   0.89412   0.52941   0.99216
   0.88627   0.49412   0.99216
   0.88235   0.46275   0.99216
   0.87451   0.42745   0.99216
   0.86667   0.39608   0.99216
   0.85882   0.36471   0.99216
   0.84706   0.32941   0.98824
   0.83529   0.29804   0.98824
   0.82353   0.26275   0.98824
   0.81176   0.23137   0.98824
   0.80000   0.20000   0.98431
   0.78824   0.16471   0.98431
   0.77255   0.13725   0.98431
   0.75686   0.11765   0.98039
   0.73725   0.09804   0.98039
   0.72157   0.07843   0.97647
   0.70196   0.05882   0.97255
   0.68627   0.03922   0.97255
   0.66667   0.01961   0.96863
   0.65098   0.00392   0.96863
   0.63529   0.00392   0.96471
   0.61961   0.00392   0.96078
   0.60392   0.00000   0.95686
   0.58824   0.00000   0.95294
   0.56863   0.00000   0.94902
   0.55294   0.00000   0.94510
   0.54118   0.00000   0.94118
   0.52549   0.00000   0.93725
   0.51373   0.00000   0.93333
   0.50196   0.00000   0.93333
   0.48627   0.00000   0.92941
   0.47451   0.00000   0.92549
   0.46275   0.00000   0.92157
   0.45098   0.00392   0.91765
   0.44314   0.01569   0.91765
   0.43529   0.02745   0.91373
   0.42353   0.03529   0.90980
   0.41569   0.04706   0.90980
   0.40784   0.05882   0.90588
   0.40000   0.07059   0.90196
   0.39216   0.08627   0.90196
   0.38824   0.10196   0.90196
   0.38431   0.12157   0.90588
   0.38039   0.13725   0.90588
   0.37255   0.15686   0.90588
   0.36863   0.17255   0.90588
   0.36471   0.19216   0.90588
   0.36078   0.21176   0.90980
   0.35686   0.23137   0.90980
   0.35686   0.25098   0.91373
   0.35294   0.27059   0.91765
   0.34902   0.29020   0.92157
   0.34902   0.30980   0.92549
   0.34510   0.32941   0.92549
   0.34118   0.34902   0.93333
   0.34118   0.37255   0.93725
   0.33725   0.39608   0.94118
   0.33725   0.41961   0.94902
   0.33333   0.44314   0.95294
   0.33333   0.46275   0.95686
   0.32941   0.48627   0.96471
   0.32941   0.51373   0.96863
   0.32941   0.53725   0.97255
   0.32549   0.56078   0.97647
   0.32549   0.58431   0.98431
   0.32549   0.61176   0.98824
   0.32157   0.63529   0.99216
   0.32157   0.65882   0.99608
   0.31765   0.68235   0.99608
   0.31765   0.70196   0.99608
   0.31373   0.72549   0.99608
   0.30980   0.74510   0.99608
   0.30980   0.76863   0.99608
   0.30588   0.79216   0.99608
   0.30588   0.81176   0.99608
   0.29804   0.82745   0.98824
   0.29412   0.84314   0.97647
   0.29020   0.85882   0.96863
   0.28627   0.87451   0.96078
   0.28235   0.89020   0.95294
   0.27843   0.90588   0.94510
   0.27059   0.92157   0.93725
   0.26275   0.93333   0.92157
   0.25490   0.94118   0.90588
   0.24314   0.95294   0.89020
   0.23529   0.96078   0.87451
   0.22745   0.97255   0.85882
   0.21569   0.98431   0.84314
   0.20784   0.98824   0.82745
   0.19608   0.99216   0.80784
   0.18431   0.99216   0.78824
   0.17255   0.99216   0.76471
   0.16471   0.99608   0.74510
   0.15294   0.99608   0.72549
   0.14118   0.99608   0.70588
   0.12941   0.99608   0.68235
   0.12157   0.99608   0.65882
   0.11373   0.99216   0.63529
   0.10196   0.99216   0.61176
   0.09412   0.98824   0.58824
   0.08627   0.98824   0.56471
   0.07451   0.98824   0.54118
   0.07059   0.98039   0.51373
   0.06275   0.97255   0.48627
   0.05882   0.96471   0.46275
   0.05490   0.95294   0.43529
   0.04706   0.94510   0.40784
   0.04314   0.93725   0.38431
   0.03922   0.92549   0.35686
   0.03529   0.91765   0.33333
   0.03137   0.90588   0.30588
   0.03137   0.89804   0.28235
   0.02745   0.88627   0.25882
   0.02745   0.87843   0.23529
   0.02353   0.86667   0.21176
   0.02353   0.85882   0.18824
   0.02745   0.85098   0.16863
   0.02745   0.84706   0.14902
   0.03137   0.83922   0.12941
   0.03529   0.83529   0.11373
   0.03922   0.82745   0.09412
   0.03922   0.82353   0.07451
   0.04314   0.81569   0.05882
   0.05490   0.81961   0.04706
   0.06275   0.82353   0.03922
   0.07451   0.82745   0.03137
   0.08235   0.83137   0.02353
   0.09412   0.83529   0.01569
   0.10588   0.83922   0.00784
   0.11373   0.84314   0.00000
   0.13333   0.85098   0.00000
   0.15294   0.86275   0.00000
   0.17255   0.87059   0.00000
   0.18824   0.87843   0.00000
   0.20784   0.89020   0.00000
   0.22745   0.89804   0.00000
   0.24706   0.90588   0.00000
   0.27059   0.91765   0.00000
   0.29020   0.92941   0.00000
   0.31373   0.93725   0.00000
   0.33725   0.94902   0.00000
   0.36078   0.96078   0.00000
   0.38431   0.96863   0.00000
   0.40784   0.98039   0.00000
   0.43529   0.98039   0.00000
   0.46275   0.98431   0.00000
   0.49020   0.98824   0.00000
   0.51765   0.99216   0.00000
   0.54510   0.99216   0.00000
   0.57255   0.99608   0.00000
   0.60000   1.00000   0.00000
   0.62353   1.00000   0.00000
   0.64706   1.00000   0.00000
   0.67059   1.00000   0.00000
   0.69412   1.00000   0.00000
   0.71765   1.00000   0.00000
   0.74118   1.00000   0.00000
   0.76471   1.00000   0.00000
   0.78431   1.00000   0.00000
   0.80000   1.00000   0.00000
   0.81961   1.00000   0.00000
   0.83922   1.00000   0.00000
   0.85882   1.00000   0.00000
   0.87843   1.00000   0.00000
   0.89020   0.99608   0.00000
   0.90196   0.98824   0.00000
   0.91373   0.98039   0.00000
   0.92157   0.97647   0.00000
   0.93333   0.96863   0.00000
   0.94510   0.96078   0.00000
   0.95294   0.95686   0.00000
   0.96078   0.94118   0.00000
   0.96863   0.92549   0.00000
   0.97255   0.90980   0.00000
   0.98039   0.89412   0.00000
   0.98431   0.87843   0.00392
   0.99216   0.86275   0.00392
   0.99608   0.84706   0.00392
   0.99608   0.82745   0.00392
   0.99608   0.80784   0.00392
   0.99608   0.78431   0.00392
   0.99608   0.76471   0.00392
   0.99608   0.74118   0.00392
   0.99608   0.72157   0.00392
   0.99608   0.70196   0.00784
   1.00000   0.67843   0.00392
   1.00000   0.65882   0.00392
   1.00000   0.63529   0.00392
   1.00000   0.61569   0.00000
   1.00000   0.59216   0.00000
   1.00000   0.56863   0.00000
   0.99608   0.54902   0.00000
   0.99608   0.52549   0.00000
   0.99216   0.50588   0.00000
   0.98824   0.48627   0.00000
   0.98431   0.46275   0.00000
   0.98039   0.44314   0.00000
   0.97647   0.42353   0.00000
   0.97255   0.40000   0.00000
   0.96863   0.38431   0.00000
   0.96078   0.36471   0.00000
   0.95686   0.34510   0.00000
   0.95294   0.32549   0.00000
   0.94510   0.30980   0.00000
   0.94118   0.29020   0.00000
   0.93725   0.27451   0.00000
   0.92941   0.25882   0.00000
   0.92157   0.24706   0.00000
   0.91765   0.23137   0.00000
   0.90980   0.21961   0.00000
   0.90196   0.20784   0.00000
   0.89804   0.19216   0.00000
   0.89020   0.18039   0.00000
   0.88235   0.17647   0.00784
   0.87843   0.16863   0.01569
   0.87059   0.16471   0.01961
   0.86667   0.15686   0.02745
   0.85882   0.14902   0.03529
   0.85098   0.14510   0.04314
   0.84706   0.14118   0.05098
   0.84314   0.14510   0.06275
   0.84314   0.14902   0.07843
   0.83922   0.14902   0.09020
   0.83529   0.15294   0.10196
   0.83137   0.15686   0.11373
   0.83137   0.15686   0.12941
   0.83137   0.16471   0.14118
   0.83137   0.18039   0.16078
   0.83529   0.19216   0.17647
   0.83529   0.20392   0.19216
   0.83922   0.21961   0.20784
   0.83922   0.23137   0.22353
   0.84314   0.24314   0.24314
   0.84706   0.26275   0.25882
   0.85490   0.28627   0.27843
   0.85882   0.30980   0.29804
   0.86667   0.33333   0.31765
   0.87451   0.35294   0.33725
   0.87843   0.37647   0.35686
   0.88627   0.40000   0.37647
   0.89412   0.42353   0.39216
   0.90588   0.45098   0.40784
   0.91373   0.47451   0.41961
   0.92157   0.50196   0.43529
   0.93333   0.52549   0.45098
   0.94118   0.55294   0.46275
   0.95294   0.57647   0.47843
   0.96078   0.60000   0.48627
   0.96471   0.62353   0.49020
   0.97255   0.64706   0.49412
   0.98039   0.67059   0.50196
   0.98431   0.69412   0.50588
