   0.07059   0.03922   0.22745
   0.09020   0.19216   0.43137
   0.07451   0.34902   0.54902
   0.10196   0.40392   0.64314
   0.11765   0.44706   0.69804
   0.11373   0.54510   0.76863
   0.10196   0.64706   0.82353
   0.10588   0.72157   0.87451
   0.10196   0.80000   0.92157
   0.10196   0.84706   0.94510
   0.14902   0.87451   0.94510
   0.19216   0.89804   0.92157
   0.40784   0.94902   0.91373
   0.62745   1.00000   0.89804
   0.76471   0.81961   0.31373
   0.88235   0.87843   0.40000
   0.87451   0.76863   0.35686
   0.82353   0.69804   0.31765
   0.74118   0.58824   0.18039
   0.63922   0.49804   0.18039
   0.60000   0.46275   0.16863
   0.55686   0.42745   0.14902
   0.52549   0.40392   0.14118
   0.45490   0.34510   0.11373
