   0.18431   0.21569   0.62353
   0.16863   0.20392   0.62745
   0.12941   0.16863   0.63529
   0.08235   0.12549   0.63922
   0.04314   0.09020   0.64706
   0.01961   0.07059   0.65098
   0.00784   0.06275   0.65882
   0.00000   0.05882   0.66275
   0.00000   0.06275   0.66667
   0.00000   0.06275   0.66667
   0.00000   0.06275   0.66667
   0.00000   0.06275   0.65098
   0.00000   0.06275   0.61961
   0.00000   0.05882   0.56471
   0.00000   0.05098   0.49020
   0.00000   0.04706   0.43137
   0.00000   0.04706   0.41176
   0.00000   0.05098   0.44706
   0.00000   0.06275   0.52157
   0.00000   0.07451   0.60392
   0.00000   0.08627   0.66667
   0.00000   0.09412   0.70588
   0.00000   0.10196   0.72941
   0.00000   0.10588   0.74118
   0.00000   0.11373   0.74902
   0.00392   0.12157   0.75686
   0.01176   0.12941   0.76078
   0.02745   0.14902   0.76471
   0.05882   0.17647   0.76863
   0.10588   0.22353   0.77255
   0.16863   0.27843   0.78039
   0.21961   0.32157   0.78431
   0.23529   0.34118   0.78824
   0.21176   0.32549   0.79216
   0.15686   0.28627   0.79608
   0.09804   0.24314   0.80000
   0.05490   0.21569   0.80392
   0.02745   0.20000   0.80784
   0.01176   0.19608   0.81176
   0.00784   0.19608   0.81569
   0.00784   0.20392   0.81961
   0.00784   0.20784   0.81961
   0.00784   0.21569   0.81176
   0.00784   0.21569   0.79608
   0.00784   0.21176   0.76078
   0.00784   0.20000   0.69804
   0.00784   0.18824   0.62745
   0.00784   0.17255   0.56863
   0.00784   0.17647   0.55294
   0.01176   0.19608   0.59608
   0.01569   0.22745   0.67059
   0.01961   0.26275   0.74902
   0.02353   0.29020   0.80784
   0.02745   0.31373   0.84314
   0.03137   0.32941   0.86275
   0.03137   0.34510   0.87059
   0.03922   0.36078   0.87843
   0.04706   0.37647   0.88235
   0.05882   0.39608   0.88627
   0.08235   0.41961   0.89020
   0.12157   0.45098   0.89412
   0.18039   0.49804   0.89412
   0.25098   0.54510   0.89804
   0.30588   0.58431   0.90196
   0.32157   0.60000   0.90588
   0.29412   0.59608   0.90980
   0.23922   0.58039   0.90980
   0.18431   0.56471   0.91373
   0.14902   0.56078   0.91765
   0.12941   0.56471   0.91765
   0.12549   0.57647   0.92157
   0.12941   0.59216   0.92157
   0.13725   0.60784   0.92549
   0.14902   0.62353   0.92157
   0.15686   0.63137   0.91373
   0.16078   0.63529   0.89412
   0.16471   0.61961   0.85098
   0.16078   0.58824   0.78824
   0.15686   0.54510   0.71373
   0.15294   0.51373   0.65882
   0.16078   0.52157   0.64706
   0.18039   0.56863   0.69412
   0.21569   0.64314   0.76863
   0.24706   0.72157   0.84706
   0.27843   0.78431   0.89804
   0.30588   0.82745   0.93333
   0.32941   0.85882   0.94902
   0.34902   0.88235   0.95686
   0.36863   0.90196   0.96078
   0.39216   0.91765   0.96471
   0.41569   0.93333   0.96471
   0.44706   0.94902   0.96863
   0.49020   0.96471   0.96863
   0.54510   0.96863   0.96471
   0.60000   0.97255   0.95686
   0.64314   0.97255   0.95294
   0.66275   0.97647   0.94902
   0.65490   0.97647   0.94118
   0.64314   0.97647   0.93333
   0.63137   0.98039   0.92549
   0.63529   0.98039   0.91765
   0.64314   0.98039   0.90980
   0.66275   0.98431   0.90588
   0.67843   0.98431   0.90196
   0.69804   0.98039   0.89804
   0.71765   0.97647   0.89412
   0.72941   0.96863   0.88235
   0.72941   0.94118   0.86275
   0.70980   0.89804   0.81961
   0.67059   0.83137   0.76078
   0.62353   0.75294   0.69412
   0.59216   0.70196   0.64706
   0.60000   0.69804   0.64706
   0.65490   0.74902   0.69804
   0.73725   0.82353   0.77255
   0.81176   0.89412   0.84314
   0.87059   0.94510   0.89804
   0.90980   0.97255   0.92941
   0.93333   0.98824   0.94902
   0.94902   0.99216   0.96078
   0.96078   0.99608   0.96863
   0.97255   0.99608   0.97647
   0.98039   0.99608   0.98039
   0.98431   0.99608   0.98824
   0.99216   0.99608   0.99216
   0.99608   0.99608   0.99608
   0.99608   0.99608   0.99608
   0.99608   0.99608   0.99608
   0.99608   0.99608   0.99608
   0.99608   0.99608   0.99608
   0.99608   0.99608   0.99608
   0.99216   0.99608   0.99216
   0.98824   0.99608   0.98431
   0.98039   0.99608   0.98039
   0.97647   0.99608   0.97255
   0.96863   0.99608   0.96078
   0.96078   0.99216   0.94902
   0.94902   0.98824   0.93333
   0.92941   0.97255   0.90980
   0.89804   0.94510   0.87059
   0.84314   0.89412   0.81176
   0.77255   0.82353   0.73725
   0.69804   0.74902   0.65490
   0.64706   0.69804   0.60000
   0.64706   0.70196   0.59216
   0.69412   0.75294   0.62353
   0.76078   0.83137   0.67059
   0.81961   0.89804   0.70980
   0.86275   0.94118   0.72941
   0.88235   0.96863   0.72941
   0.89412   0.97647   0.71765
   0.89804   0.98039   0.69804
   0.90196   0.98431   0.67843
   0.90588   0.98431   0.66275
   0.90980   0.98039   0.64314
   0.91765   0.98039   0.63529
   0.92549   0.98039   0.63137
   0.93333   0.97647   0.64314
   0.94118   0.97647   0.65490
   0.94902   0.97647   0.66275
   0.95294   0.97255   0.64314
   0.95686   0.97255   0.60000
   0.96471   0.96863   0.54510
   0.96863   0.96471   0.49020
   0.96863   0.94902   0.44706
   0.96471   0.93333   0.41569
   0.96471   0.91765   0.39216
   0.96078   0.90196   0.36863
   0.95686   0.88235   0.34902
   0.94902   0.85882   0.32941
   0.93333   0.82745   0.30588
   0.89804   0.78431   0.27843
   0.84706   0.72157   0.24706
   0.76863   0.64314   0.21569
   0.69412   0.56863   0.18039
   0.64706   0.52157   0.16078
   0.65882   0.51373   0.15294
   0.71373   0.54510   0.15686
   0.78824   0.58824   0.16078
   0.85098   0.61961   0.16471
   0.89412   0.63529   0.16078
   0.91373   0.63137   0.15686
   0.92157   0.62353   0.14902
   0.92549   0.60784   0.13725
   0.92157   0.59216   0.12941
   0.92157   0.57647   0.12549
   0.91765   0.56471   0.12941
   0.91765   0.56078   0.14902
   0.91373   0.56471   0.18431
   0.90980   0.58039   0.23922
   0.90980   0.59608   0.29412
   0.90588   0.60000   0.32157
   0.90196   0.58431   0.30588
   0.89804   0.54510   0.25098
   0.89412   0.49804   0.18039
   0.89412   0.45098   0.12157
   0.89020   0.41961   0.08235
   0.88627   0.39608   0.05882
   0.88235   0.37647   0.04706
   0.87843   0.36078   0.03922
   0.87059   0.34510   0.03137
   0.86275   0.32941   0.03137
   0.84314   0.31373   0.02745
   0.80784   0.29020   0.02353
   0.74902   0.26275   0.01961
   0.67059   0.22745   0.01569
   0.59608   0.19608   0.01176
   0.55294   0.17647   0.00784
   0.56863   0.17255   0.00784
   0.62745   0.18824   0.00784
   0.69804   0.20000   0.00784
   0.76078   0.21176   0.00784
   0.79608   0.21569   0.00784
   0.81176   0.21569   0.00784
   0.81961   0.20784   0.00784
   0.81961   0.20392   0.00784
   0.81569   0.19608   0.00784
   0.81176   0.19608   0.01176
   0.80784   0.20000   0.02745
   0.80392   0.21569   0.05490
   0.80000   0.24314   0.09804
   0.79608   0.28627   0.15686
   0.79216   0.32549   0.21176
   0.78824   0.34118   0.23529
   0.78431   0.32157   0.21961
   0.78039   0.27843   0.16863
   0.77255   0.22353   0.10588
   0.76863   0.17647   0.05882
   0.76471   0.14902   0.02745
   0.76078   0.12941   0.01176
   0.75686   0.12157   0.00392
   0.74902   0.11373   0.00000
   0.74118   0.10588   0.00000
   0.72941   0.10196   0.00000
   0.70588   0.09412   0.00000
   0.66667   0.08627   0.00000
   0.60392   0.07451   0.00000
   0.52157   0.06275   0.00000
   0.44706   0.05098   0.00000
   0.41176   0.04706   0.00000
   0.43137   0.04706   0.00000
   0.49020   0.05098   0.00000
   0.56471   0.05882   0.00000
   0.61961   0.06275   0.00000
   0.65098   0.06275   0.00000
   0.66667   0.06275   0.00000
   0.66667   0.06275   0.00000
   0.66667   0.06275   0.00000
   0.66275   0.05882   0.00000
   0.65882   0.06275   0.00784
   0.65098   0.07059   0.01961
   0.64706   0.09020   0.04314
   0.63922   0.12549   0.08235
   0.63529   0.16863   0.12941
