   0.00000   0.00000   0.49804
   0.00000   0.00000   0.51373
   0.00000   0.00000   0.52941
   0.00000   0.00000   0.54510
   0.00000   0.00000   0.56078
   0.00000   0.00000   0.57647
   0.00000   0.00000   0.59216
   0.00000   0.00000   0.60784
   0.00000   0.00000   0.62353
   0.00000   0.00000   0.63922
   0.00000   0.00000   0.65490
   0.00000   0.00000   0.67059
   0.00000   0.00000   0.68627
   0.00000   0.00000   0.70196
   0.00000   0.00000   0.71765
   0.00000   0.00000   0.73333
   0.00000   0.00000   0.74902
   0.00000   0.00000   0.76471
   0.00000   0.00000   0.78039
   0.00000   0.00000   0.79608
   0.00000   0.00000   0.81176
   0.00000   0.00000   0.82745
   0.00000   0.00000   0.84314
   0.00000   0.00000   0.85882
   0.00000   0.00000   0.87451
   0.00000   0.00000   0.89020
   0.00000   0.00000   0.90588
   0.00000   0.00000   0.92157
   0.00000   0.00000   0.93725
   0.00000   0.00000   0.95294
   0.00000   0.00000   0.96863
   0.00000   0.00000   0.98431
   0.00000   0.00000   1.00000
   0.00000   0.01569   1.00000
   0.00000   0.03137   1.00000
   0.00000   0.04706   1.00000
   0.00000   0.06275   1.00000
   0.00000   0.07843   1.00000
   0.00000   0.09412   1.00000
   0.00000   0.10980   1.00000
   0.00000   0.12549   1.00000
   0.00000   0.14118   1.00000
   0.00000   0.15686   1.00000
   0.00000   0.17255   1.00000
   0.00000   0.18824   1.00000
   0.00000   0.20392   1.00000
   0.00000   0.21961   1.00000
   0.00000   0.23529   1.00000
   0.00000   0.25098   1.00000
   0.00000   0.26667   1.00000
   0.00000   0.28235   1.00000
   0.00000   0.29804   1.00000
   0.00000   0.31373   1.00000
   0.00000   0.32941   1.00000
   0.00000   0.34510   1.00000
   0.00000   0.36078   1.00000
   0.00000   0.37647   1.00000
   0.00000   0.39216   1.00000
   0.00000   0.40784   1.00000
   0.00000   0.42353   1.00000
   0.00000   0.43922   1.00000
   0.00000   0.45490   1.00000
   0.00000   0.47059   1.00000
   0.00000   0.48627   1.00000
   0.00000   0.50196   1.00000
   0.00000   0.51765   1.00000
   0.00000   0.53333   1.00000
   0.00000   0.54902   1.00000
   0.00000   0.56471   1.00000
   0.00000   0.58039   1.00000
   0.00000   0.59608   1.00000
   0.00000   0.61176   1.00000
   0.00000   0.62745   1.00000
   0.00000   0.64314   1.00000
   0.00000   0.65882   1.00000
   0.00000   0.67451   1.00000
   0.00000   0.69020   1.00000
   0.00000   0.70588   1.00000
   0.00000   0.72157   1.00000
   0.00000   0.73725   1.00000
   0.00000   0.75294   1.00000
   0.00000   0.76863   1.00000
   0.00000   0.78431   1.00000
   0.00000   0.80000   1.00000
   0.00000   0.81569   1.00000
   0.00000   0.83137   1.00000
   0.00000   0.84706   1.00000
   0.00000   0.86275   1.00000
   0.00000   0.87843   1.00000
   0.00000   0.89412   1.00000
   0.00000   0.90980   1.00000
   0.00000   0.92549   1.00000
   0.00000   0.94118   1.00000
   0.00000   0.95686   1.00000
   0.00000   0.97255   1.00000
   0.00000   0.98824   1.00000
   0.00392   1.00000   0.99216
   0.01961   1.00000   0.97647
   0.03529   1.00000   0.96078
   0.05098   1.00000   0.94510
   0.06667   1.00000   0.92941
   0.08235   1.00000   0.91373
   0.09804   1.00000   0.89804
   0.11373   1.00000   0.88235
   0.12941   1.00000   0.86667
   0.14510   1.00000   0.85098
   0.16078   1.00000   0.83529
   0.17647   1.00000   0.81961
   0.19216   1.00000   0.80392
   0.20784   1.00000   0.78824
   0.22353   1.00000   0.77255
   0.23922   1.00000   0.75686
   0.25490   1.00000   0.74118
   0.27059   1.00000   0.72549
   0.28627   1.00000   0.70980
   0.30196   1.00000   0.69412
   0.31765   1.00000   0.67843
   0.33333   1.00000   0.66275
   0.34902   1.00000   0.64706
   0.36471   1.00000   0.63137
   0.38039   1.00000   0.61569
   0.39608   1.00000   0.60000
   0.41176   1.00000   0.58431
   0.42745   1.00000   0.56863
   0.44314   1.00000   0.55294
   0.45882   1.00000   0.53725
   0.47451   1.00000   0.52157
   0.49020   1.00000   0.50588
   0.50588   1.00000   0.49020
   0.52157   1.00000   0.47451
   0.53725   1.00000   0.45882
   0.55294   1.00000   0.44314
   0.56863   1.00000   0.42745
   0.58431   1.00000   0.41176
   0.60000   1.00000   0.39608
   0.61569   1.00000   0.38039
   0.63137   1.00000   0.36471
   0.64706   1.00000   0.34902
   0.66275   1.00000   0.33333
   0.67843   1.00000   0.31765
   0.69412   1.00000   0.30196
   0.70980   1.00000   0.28627
   0.72549   1.00000   0.27059
   0.74118   1.00000   0.25490
   0.75686   1.00000   0.23922
   0.77255   1.00000   0.22353
   0.78824   1.00000   0.20784
   0.80392   1.00000   0.19216
   0.81961   1.00000   0.17647
   0.83529   1.00000   0.16078
   0.85098   1.00000   0.14510
   0.86667   1.00000   0.12941
   0.88235   1.00000   0.11373
   0.89804   1.00000   0.09804
   0.91373   1.00000   0.08235
   0.92941   1.00000   0.06667
   0.94510   1.00000   0.05098
   0.96078   1.00000   0.03529
   0.97647   1.00000   0.01961
   0.99216   1.00000   0.00392
   1.00000   0.98824   0.00000
   1.00000   0.97255   0.00000
   1.00000   0.95686   0.00000
   1.00000   0.94118   0.00000
   1.00000   0.92549   0.00000
   1.00000   0.90980   0.00000
   1.00000   0.89412   0.00000
   1.00000   0.87843   0.00000
   1.00000   0.86275   0.00000
   1.00000   0.84706   0.00000
   1.00000   0.83137   0.00000
   1.00000   0.81569   0.00000
   1.00000   0.80000   0.00000
   1.00000   0.78431   0.00000
   1.00000   0.76863   0.00000
   1.00000   0.75294   0.00000
   1.00000   0.73725   0.00000
   1.00000   0.72157   0.00000
   1.00000   0.70588   0.00000
   1.00000   0.69020   0.00000
   1.00000   0.67451   0.00000
   1.00000   0.65882   0.00000
   1.00000   0.64314   0.00000
   1.00000   0.62745   0.00000
   1.00000   0.61176   0.00000
   1.00000   0.59608   0.00000
   1.00000   0.58039   0.00000
   1.00000   0.56471   0.00000
   1.00000   0.54902   0.00000
   1.00000   0.53333   0.00000
   1.00000   0.51765   0.00000
   1.00000   0.50196   0.00000
   1.00000   0.48627   0.00000
   1.00000   0.47059   0.00000
   1.00000   0.45490   0.00000
   1.00000   0.43922   0.00000
   1.00000   0.42353   0.00000
   1.00000   0.40784   0.00000
   1.00000   0.39216   0.00000
   1.00000   0.37647   0.00000
   1.00000   0.36078   0.00000
   1.00000   0.34510   0.00000
   1.00000   0.32941   0.00000
   1.00000   0.31373   0.00000
   1.00000   0.29804   0.00000
   1.00000   0.28235   0.00000
   1.00000   0.26667   0.00000
   1.00000   0.25098   0.00000
   1.00000   0.23529   0.00000
   1.00000   0.21961   0.00000
   1.00000   0.20392   0.00000
   1.00000   0.18824   0.00000
   1.00000   0.17255   0.00000
   1.00000   0.15686   0.00000
   1.00000   0.14118   0.00000
   1.00000   0.12549   0.00000
   1.00000   0.10980   0.00000
   1.00000   0.09412   0.00000
   1.00000   0.07843   0.00000
   1.00000   0.06275   0.00000
   1.00000   0.04706   0.00000
   1.00000   0.03137   0.00000
   1.00000   0.01569   0.00000
   1.00000   0.00000   0.00000
   0.98431   0.00000   0.00000
   0.96863   0.00000   0.00000
   0.95294   0.00000   0.00000
   0.93725   0.00000   0.00000
   0.92157   0.00000   0.00000
   0.90588   0.00000   0.00000
   0.89020   0.00000   0.00000
   0.87451   0.00000   0.00000
   0.85882   0.00000   0.00000
   0.84314   0.00000   0.00000
   0.82745   0.00000   0.00000
   0.81176   0.00000   0.00000
   0.79608   0.00000   0.00000
   0.78039   0.00000   0.00000
   0.76471   0.00000   0.00000
   0.74902   0.00000   0.00000
   0.73333   0.00000   0.00000
   0.71765   0.00000   0.00000
   0.70196   0.00000   0.00000
   0.68627   0.00000   0.00000
   0.67059   0.00000   0.00000
   0.65490   0.00000   0.00000
   0.63922   0.00000   0.00000
   0.62353   0.00000   0.00000
   0.60784   0.00000   0.00000
   0.59216   0.00000   0.00000
   0.57647   0.00000   0.00000
   0.56078   0.00000   0.00000
   0.54510   0.00000   0.00000
   0.52941   0.00000   0.00000
