   0.00000   0.00000   0.49804
   0.00000   0.00000   0.50980
   0.00000   0.00000   0.52157
   0.00000   0.00000   0.53333
   0.00000   0.00000   0.54510
   0.00000   0.00000   0.55686
   0.00000   0.00000   0.56863
   0.00000   0.00000   0.58039
   0.00000   0.00000   0.59216
   0.00000   0.00000   0.60392
   0.00000   0.00000   0.61569
   0.00000   0.00000   0.62745
   0.00000   0.00000   0.63922
   0.00000   0.00000   0.65098
   0.00000   0.00000   0.66275
   0.00000   0.00000   0.67451
   0.00000   0.00000   0.68627
   0.00000   0.00000   0.69804
   0.00000   0.00000   0.70980
   0.00000   0.00000   0.72157
   0.00000   0.00000   0.73333
   0.00000   0.00000   0.74510
   0.00000   0.00000   0.75686
   0.00000   0.00000   0.76863
   0.00000   0.00000   0.78039
   0.00000   0.00000   0.79216
   0.00000   0.00000   0.80392
   0.00000   0.00000   0.81569
   0.00000   0.00000   0.82745
   0.00000   0.00000   0.83922
   0.00000   0.00000   0.85098
   0.00000   0.00000   0.86275
   0.00000   0.00000   0.87451
   0.00000   0.00000   0.88627
   0.00000   0.00000   0.89804
   0.00000   0.00000   0.90980
   0.00000   0.00000   0.92157
   0.00000   0.00000   0.93333
   0.00000   0.00000   0.94510
   0.00000   0.00000   0.95686
   0.00000   0.00000   0.96863
   0.00000   0.00000   0.98039
   0.00000   0.00000   0.99216
   0.00392   0.00392   1.00000
   0.01569   0.01569   1.00000
   0.02745   0.02745   1.00000
   0.03922   0.03922   1.00000
   0.05098   0.05098   1.00000
   0.06275   0.06275   1.00000
   0.07451   0.07451   1.00000
   0.08627   0.08627   1.00000
   0.09804   0.09804   1.00000
   0.10980   0.10980   1.00000
   0.12157   0.12157   1.00000
   0.13333   0.13333   1.00000
   0.14510   0.14510   1.00000
   0.15686   0.15686   1.00000
   0.16863   0.16863   1.00000
   0.18039   0.18039   1.00000
   0.19216   0.19216   1.00000
   0.20392   0.20392   1.00000
   0.21569   0.21569   1.00000
   0.22745   0.22745   1.00000
   0.23922   0.23922   1.00000
   0.25098   0.25098   1.00000
   0.26275   0.26275   1.00000
   0.27451   0.27451   1.00000
   0.28627   0.28627   1.00000
   0.29804   0.29804   1.00000
   0.30980   0.30980   1.00000
   0.32157   0.32157   1.00000
   0.33333   0.33333   1.00000
   0.34510   0.34510   1.00000
   0.35686   0.35686   1.00000
   0.36863   0.36863   1.00000
   0.38039   0.38039   1.00000
   0.39216   0.39216   1.00000
   0.40392   0.40392   1.00000
   0.41569   0.41569   1.00000
   0.42745   0.42745   1.00000
   0.43922   0.43922   1.00000
   0.45098   0.45098   1.00000
   0.46275   0.46275   1.00000
   0.47451   0.47451   1.00000
   0.48627   0.48627   1.00000
   0.49804   0.49804   1.00000
   0.50980   0.50980   1.00000
   0.52157   0.52157   1.00000
   0.53333   0.53333   1.00000
   0.54510   0.54510   1.00000
   0.55686   0.55686   1.00000
   0.56863   0.56863   1.00000
   0.58039   0.58039   1.00000
   0.59216   0.59216   1.00000
   0.60392   0.60392   1.00000
   0.61569   0.61569   1.00000
   0.62745   0.62745   1.00000
   0.63922   0.63922   1.00000
   0.65098   0.65098   1.00000
   0.66275   0.66275   1.00000
   0.67451   0.67451   1.00000
   0.68627   0.68627   1.00000
   0.69804   0.69804   1.00000
   0.70980   0.70980   1.00000
   0.72157   0.72157   1.00000
   0.73333   0.73333   1.00000
   0.74510   0.74510   1.00000
   0.75686   0.75686   1.00000
   0.76863   0.76863   1.00000
   0.78039   0.78039   1.00000
   0.79216   0.79216   1.00000
   0.80392   0.80392   1.00000
   0.81569   0.81569   1.00000
   0.82745   0.82745   1.00000
   0.83922   0.83922   1.00000
   0.85098   0.85098   1.00000
   0.86275   0.86275   1.00000
   0.87451   0.87451   1.00000
   0.88627   0.88627   1.00000
   0.89804   0.89804   1.00000
   0.90980   0.90980   1.00000
   0.92157   0.92157   1.00000
   0.93333   0.93333   1.00000
   0.94510   0.94510   1.00000
   0.95686   0.95686   1.00000
   0.96863   0.96863   1.00000
   0.98039   0.98039   1.00000
   0.99216   0.99216   1.00000
   1.00000   0.99216   0.99216
   1.00000   0.98039   0.98039
   1.00000   0.96863   0.96863
   1.00000   0.95686   0.95686
   1.00000   0.94510   0.94510
   1.00000   0.93333   0.93333
   1.00000   0.92157   0.92157
   1.00000   0.90980   0.90980
   1.00000   0.89804   0.89804
   1.00000   0.88627   0.88627
   1.00000   0.87451   0.87451
   1.00000   0.86275   0.86275
   1.00000   0.85098   0.85098
   1.00000   0.83922   0.83922
   1.00000   0.82745   0.82745
   1.00000   0.81569   0.81569
   1.00000   0.80392   0.80392
   1.00000   0.79216   0.79216
   1.00000   0.78039   0.78039
   1.00000   0.76863   0.76863
   1.00000   0.75686   0.75686
   1.00000   0.74510   0.74510
   1.00000   0.73333   0.73333
   1.00000   0.72157   0.72157
   1.00000   0.70980   0.70980
   1.00000   0.69804   0.69804
   1.00000   0.68627   0.68627
   1.00000   0.67451   0.67451
   1.00000   0.66275   0.66275
   1.00000   0.65098   0.65098
   1.00000   0.63922   0.63922
   1.00000   0.62745   0.62745
   1.00000   0.61569   0.61569
   1.00000   0.60392   0.60392
   1.00000   0.59216   0.59216
   1.00000   0.58039   0.58039
   1.00000   0.56863   0.56863
   1.00000   0.55686   0.55686
   1.00000   0.54510   0.54510
   1.00000   0.53333   0.53333
   1.00000   0.52157   0.52157
   1.00000   0.50980   0.50980
   1.00000   0.49804   0.49804
   1.00000   0.48627   0.48627
   1.00000   0.47451   0.47451
   1.00000   0.46275   0.46275
   1.00000   0.45098   0.45098
   1.00000   0.43922   0.43922
   1.00000   0.42745   0.42745
   1.00000   0.41569   0.41569
   1.00000   0.40392   0.40392
   1.00000   0.39216   0.39216
   1.00000   0.38039   0.38039
   1.00000   0.36863   0.36863
   1.00000   0.35686   0.35686
   1.00000   0.34510   0.34510
   1.00000   0.33333   0.33333
   1.00000   0.32157   0.32157
   1.00000   0.30980   0.30980
   1.00000   0.29804   0.29804
   1.00000   0.28627   0.28627
   1.00000   0.27451   0.27451
   1.00000   0.26275   0.26275
   1.00000   0.25098   0.25098
   1.00000   0.23922   0.23922
   1.00000   0.22745   0.22745
   1.00000   0.21569   0.21569
   1.00000   0.20392   0.20392
   1.00000   0.19216   0.19216
   1.00000   0.18039   0.18039
   1.00000   0.16863   0.16863
   1.00000   0.15686   0.15686
   1.00000   0.14510   0.14510
   1.00000   0.13333   0.13333
   1.00000   0.12157   0.12157
   1.00000   0.10980   0.10980
   1.00000   0.09804   0.09804
   1.00000   0.08627   0.08627
   1.00000   0.07451   0.07451
   1.00000   0.06275   0.06275
   1.00000   0.05098   0.05098
   1.00000   0.03922   0.03922
   1.00000   0.02745   0.02745
   1.00000   0.01569   0.01569
   1.00000   0.00392   0.00392
   0.99216   0.00000   0.00000
   0.98039   0.00000   0.00000
   0.96863   0.00000   0.00000
   0.95686   0.00000   0.00000
   0.94510   0.00000   0.00000
   0.93333   0.00000   0.00000
   0.92157   0.00000   0.00000
   0.90980   0.00000   0.00000
   0.89804   0.00000   0.00000
   0.88627   0.00000   0.00000
   0.87451   0.00000   0.00000
   0.86275   0.00000   0.00000
   0.85098   0.00000   0.00000
   0.83922   0.00000   0.00000
   0.82745   0.00000   0.00000
   0.81569   0.00000   0.00000
   0.80392   0.00000   0.00000
   0.79216   0.00000   0.00000
   0.78039   0.00000   0.00000
   0.76863   0.00000   0.00000
   0.75686   0.00000   0.00000
   0.74510   0.00000   0.00000
   0.73333   0.00000   0.00000
   0.72157   0.00000   0.00000
   0.70980   0.00000   0.00000
   0.69804   0.00000   0.00000
   0.68627   0.00000   0.00000
   0.67451   0.00000   0.00000
   0.66275   0.00000   0.00000
   0.65098   0.00000   0.00000
   0.63922   0.00000   0.00000
   0.62745   0.00000   0.00000
   0.61569   0.00000   0.00000
   0.60392   0.00000   0.00000
   0.59216   0.00000   0.00000
   0.58039   0.00000   0.00000
   0.56863   0.00000   0.00000
   0.55686   0.00000   0.00000
   0.54510   0.00000   0.00000
   0.53333   0.00000   0.00000
   0.52157   0.00000   0.00000
