   0.35686   0.37647   0.59608
   0.24706   0.27451   0.61176
   0.08235   0.12549   0.62353
   0.01569   0.06275   0.63529
   0.00000   0.05098   0.64314
   0.00000   0.05098   0.62745
   0.00000   0.04314   0.52549
   0.00000   0.01961   0.25882
   0.00000   0.00784   0.09020
   0.00000   0.02745   0.30196
   0.00000   0.05490   0.57647
   0.00000   0.06667   0.69412
   0.00000   0.07843   0.72549
   0.01961   0.09804   0.73725
   0.10980   0.18039   0.74510
   0.32157   0.37255   0.75686
   0.45882   0.49412   0.76471
   0.29804   0.35686   0.77255
   0.09804   0.18039   0.78039
   0.01569   0.11765   0.78824
   0.00000   0.10588   0.79216
   0.00000   0.10588   0.77255
   0.00000   0.09020   0.65490
   0.00000   0.05490   0.38039
   0.00000   0.03137   0.22745
   0.00000   0.06667   0.45098
   0.00000   0.11373   0.71765
   0.00000   0.13333   0.81961
   0.00392   0.14510   0.84706
   0.02745   0.17255   0.85490
   0.13725   0.26667   0.86275
   0.38824   0.47451   0.86667
   0.51765   0.58824   0.87059
   0.32157   0.43137   0.87843
   0.09804   0.25882   0.88235
   0.01569   0.19608   0.88627
   0.00000   0.19216   0.88627
   0.00000   0.18824   0.86275
   0.00000   0.16471   0.72941
   0.00000   0.10196   0.45098
   0.00000   0.07451   0.31373
   0.00000   0.13725   0.55294
   0.00000   0.20392   0.80784
   0.00000   0.23529   0.90196
   0.00392   0.25098   0.92157
   0.03137   0.28235   0.92941
   0.16471   0.38431   0.92941
   0.43529   0.58039   0.93333
   0.55294   0.67059   0.93725
   0.32941   0.52157   0.94118
   0.09804   0.37255   0.94510
   0.01569   0.32549   0.94510
   0.00000   0.32549   0.94118
   0.00000   0.32157   0.90980
   0.00000   0.27843   0.76863
   0.00000   0.18039   0.48235
   0.00000   0.14118   0.36863
   0.00000   0.24314   0.61961
   0.00000   0.34902   0.86275
   0.00000   0.39608   0.94510
   0.00784   0.41961   0.96471
   0.04314   0.45098   0.96863
   0.18824   0.54510   0.96863
   0.47059   0.70588   0.97255
   0.57255   0.76471   0.97255
   0.32549   0.64706   0.97647
   0.09804   0.54510   0.97647
   0.02353   0.52157   0.97647
   0.01176   0.52549   0.97255
   0.01176   0.52157   0.93725
   0.01176   0.44706   0.78431
   0.00784   0.29020   0.49020
   0.00784   0.24314   0.40000
   0.01569   0.41176   0.66275
   0.02353   0.57255   0.89412
   0.03137   0.63922   0.97255
   0.04314   0.66667   0.98431
   0.08627   0.69804   0.98824
   0.24314   0.76471   0.98824
   0.52157   0.85882   0.98824
   0.59608   0.88627   0.99216
   0.35686   0.83529   0.99216
   0.15686   0.80392   0.99216
   0.09804   0.80784   0.99216
   0.09804   0.81961   0.98431
   0.10196   0.80392   0.94510
   0.09020   0.67843   0.78039
   0.06275   0.43529   0.48627
   0.05882   0.38431   0.41961
   0.10980   0.64706   0.69412
   0.16078   0.87059   0.91373
   0.18824   0.95294   0.98039
   0.21569   0.98431   0.99216
   0.26667   0.99608   0.98824
   0.41569   0.99608   0.97647
   0.64314   0.99608   0.97647
   0.69412   0.99608   0.97255
   0.51373   0.99608   0.94510
   0.39216   0.99608   0.91373
   0.37255   0.99608   0.89412
   0.38824   0.98824   0.87843
   0.39608   0.94118   0.82745
   0.34510   0.76471   0.66667
   0.22353   0.47451   0.40784
   0.21961   0.43529   0.37255
   0.38039   0.71373   0.60784
   0.52157   0.92157   0.78431
   0.58824   0.98431   0.83529
   0.62745   0.99608   0.84706
   0.67451   0.99608   0.85490
   0.76078   0.99608   0.88627
   0.86275   0.99608   0.93333
   0.88627   0.99608   0.93725
   0.83137   0.99608   0.90588
   0.81176   0.99608   0.89020
   0.82353   0.99608   0.89020
   0.83922   0.98824   0.89412
   0.81961   0.93725   0.85882
   0.67059   0.74902   0.69412
   0.41961   0.45882   0.43137
   0.41569   0.44706   0.42353
   0.69412   0.73333   0.70196
   0.89804   0.92941   0.90196
   0.96078   0.98824   0.96471
   0.98039   0.99608   0.98431
   0.99216   0.99608   0.99216
   0.99608   0.99608   0.99608
   0.99608   0.99608   0.99608
   0.99608   0.99608   0.99608
   0.99608   0.99608   0.99608
   0.99216   0.99608   0.99216
   0.98431   0.99608   0.98039
   0.96471   0.98824   0.96078
   0.90196   0.92941   0.89804
   0.70196   0.73333   0.69412
   0.42353   0.44706   0.41569
   0.43137   0.45882   0.41961
   0.69412   0.74902   0.67059
   0.85882   0.93725   0.81961
   0.89412   0.98824   0.83922
   0.89020   0.99608   0.82353
   0.89020   0.99608   0.81176
   0.90588   0.99608   0.83137
   0.93725   0.99608   0.88627
   0.93333   0.99608   0.86275
   0.88627   0.99608   0.76078
   0.85490   0.99608   0.67451
   0.84706   0.99608   0.62745
   0.83529   0.98431   0.58824
   0.78431   0.92157   0.52157
   0.60784   0.71373   0.38039
   0.37255   0.43529   0.21961
   0.40784   0.47451   0.22353
   0.66667   0.76471   0.34510
   0.82745   0.94118   0.39608
   0.87843   0.98824   0.38824
   0.89412   0.99608   0.37255
   0.91373   0.99608   0.39216
   0.94510   0.99608   0.51373
   0.97255   0.99608   0.69412
   0.97647   0.99608   0.64314
   0.97647   0.99608   0.41569
   0.98824   0.99608   0.26667
   0.99216   0.98431   0.21569
   0.98039   0.95294   0.18824
   0.91373   0.87059   0.16078
   0.69412   0.64706   0.10980
   0.41961   0.38431   0.05882
   0.48627   0.43529   0.06275
   0.78039   0.67843   0.09020
   0.94510   0.80392   0.10196
   0.98431   0.81961   0.09804
   0.99216   0.80784   0.09804
   0.99216   0.80392   0.15686
   0.99216   0.83529   0.35686
   0.99216   0.88627   0.59608
   0.98824   0.85882   0.52157
   0.98824   0.76471   0.24314
   0.98824   0.69804   0.08627
   0.98431   0.66667   0.04314
   0.97255   0.63922   0.03137
   0.89412   0.57255   0.02353
   0.66275   0.41176   0.01569
   0.40000   0.24314   0.00784
   0.49020   0.29020   0.00784
   0.78431   0.44706   0.01176
   0.93725   0.52157   0.01176
   0.97255   0.52549   0.01176
   0.97647   0.52157   0.02353
   0.97647   0.54510   0.09804
   0.97647   0.64706   0.32549
   0.97255   0.76471   0.57255
   0.97255   0.70588   0.47059
   0.96863   0.54510   0.18824
   0.96863   0.45098   0.04314
   0.96471   0.41961   0.00784
   0.94510   0.39608   0.00000
   0.86275   0.34902   0.00000
   0.61961   0.24314   0.00000
   0.36863   0.14118   0.00000
   0.48235   0.18039   0.00000
   0.76863   0.27843   0.00000
   0.90980   0.32157   0.00000
   0.94118   0.32549   0.00000
   0.94510   0.32549   0.01569
   0.94510   0.37255   0.09804
   0.94118   0.52157   0.32941
   0.93725   0.67059   0.55294
   0.93333   0.58039   0.43529
   0.92941   0.38431   0.16471
   0.92941   0.28235   0.03137
   0.92157   0.25098   0.00392
   0.90196   0.23529   0.00000
   0.80784   0.20392   0.00000
   0.55294   0.13725   0.00000
   0.31373   0.07451   0.00000
   0.45098   0.10196   0.00000
   0.72941   0.16471   0.00000
   0.86275   0.18824   0.00000
   0.88627   0.19216   0.00000
   0.88627   0.19608   0.01569
   0.88235   0.25882   0.09804
   0.87843   0.43137   0.32157
   0.87059   0.58824   0.51765
   0.86667   0.47451   0.38824
   0.86275   0.26667   0.13725
   0.85490   0.17255   0.02745
   0.84706   0.14510   0.00392
   0.81961   0.13333   0.00000
   0.71765   0.11373   0.00000
   0.45098   0.06667   0.00000
   0.22745   0.03137   0.00000
   0.38039   0.05490   0.00000
   0.65490   0.09020   0.00000
   0.77255   0.10588   0.00000
   0.79216   0.10588   0.00000
   0.78824   0.11765   0.01569
   0.78039   0.18039   0.09804
   0.77255   0.35686   0.29804
   0.76471   0.49412   0.45882
   0.75686   0.37255   0.32157
   0.74510   0.18039   0.10980
   0.73725   0.09804   0.01961
   0.72549   0.07843   0.00000
   0.69412   0.06667   0.00000
   0.57647   0.05490   0.00000
   0.30196   0.02745   0.00000
   0.09020   0.00784   0.00000
   0.25882   0.01961   0.00000
   0.52549   0.04314   0.00000
   0.62745   0.05098   0.00000
   0.64314   0.05098   0.00000
   0.63529   0.06275   0.01569
   0.62353   0.12549   0.08235
