   0.51373   0.00000   1.00000
   0.50196   0.00000   1.00000
   0.49020   0.00000   0.99608
   0.47843   0.00000   0.99608
   0.46667   0.00000   0.99608
   0.45490   0.00000   0.99216
   0.44314   0.00392   0.99216
   0.43137   0.00784   0.98824
   0.42353   0.01176   0.98824
   0.41569   0.01176   0.98824
   0.40392   0.01569   0.98431
   0.39608   0.01961   0.98431
   0.38824   0.02353   0.98039
   0.37647   0.02745   0.98039
   0.36863   0.03137   0.97647
   0.36078   0.03529   0.97647
   0.35294   0.03922   0.97255
   0.34118   0.04706   0.96863
   0.33333   0.05098   0.96863
   0.32549   0.05490   0.96471
   0.31765   0.06275   0.96078
   0.30980   0.07059   0.95686
   0.29804   0.07451   0.95294
   0.29020   0.08235   0.94902
   0.28235   0.09020   0.94510
   0.27451   0.09412   0.94118
   0.26667   0.10196   0.93725
   0.25882   0.10980   0.93333
   0.25098   0.11765   0.92941
   0.24314   0.12549   0.92549
   0.23529   0.13725   0.92157
   0.22745   0.14510   0.91373
   0.21961   0.15294   0.90980
   0.21176   0.16078   0.90588
   0.20392   0.17255   0.89804
   0.19608   0.18039   0.89412
   0.18824   0.18824   0.89020
   0.18431   0.20000   0.88235
   0.17647   0.20784   0.87843
   0.16863   0.21961   0.87059
   0.16078   0.23137   0.86667
   0.15294   0.23922   0.85882
   0.14902   0.25098   0.85098
   0.14118   0.26275   0.84706
   0.13725   0.27059   0.83922
   0.12941   0.28235   0.83137
   0.12157   0.29412   0.82745
   0.11765   0.30588   0.81961
   0.10980   0.31765   0.81176
   0.10588   0.32941   0.80392
   0.09804   0.34118   0.79608
   0.09412   0.35294   0.79216
   0.09020   0.36471   0.78431
   0.08235   0.37647   0.77647
   0.07843   0.38824   0.76863
   0.07451   0.40000   0.76078
   0.07059   0.41176   0.75294
   0.06275   0.42353   0.74510
   0.05882   0.43529   0.73725
   0.05490   0.44706   0.72941
   0.05098   0.45882   0.72157
   0.04706   0.47059   0.71373
   0.04314   0.48235   0.70196
   0.03922   0.49412   0.69412
   0.03529   0.50980   0.68627
   0.03137   0.52157   0.67843
   0.02745   0.53333   0.67059
   0.02745   0.54510   0.66275
   0.02353   0.55686   0.65098
   0.01961   0.56863   0.64314
   0.01961   0.58039   0.63529
   0.01569   0.59216   0.62745
   0.01176   0.60392   0.61569
   0.01176   0.61569   0.60784
   0.00784   0.62745   0.60000
   0.00784   0.63922   0.59216
   0.00392   0.65098   0.58039
   0.00392   0.66275   0.57255
   0.00392   0.67451   0.56471
   0.00000   0.68627   0.55294
   0.00000   0.69804   0.54510
   0.00000   0.70980   0.53725
   0.00000   0.72157   0.52549
   0.00000   0.72941   0.51765
   0.00000   0.74118   0.50980
   0.00000   0.75294   0.49804
   0.00000   0.76078   0.49020
   0.00000   0.77255   0.48235
   0.00000   0.78431   0.47059
   0.00000   0.79216   0.46275
   0.00000   0.80392   0.45490
   0.00000   0.81176   0.44314
   0.00000   0.81961   0.43529
   0.00392   0.83137   0.42745
   0.00392   0.83922   0.41569
   0.00784   0.84706   0.40784
   0.00784   0.85490   0.40000
   0.00784   0.86667   0.38824
   0.01176   0.87451   0.38039
   0.01176   0.88235   0.37255
   0.01569   0.89020   0.36471
   0.01961   0.89804   0.35294
   0.01961   0.90196   0.34510
   0.02353   0.90980   0.33725
   0.02745   0.91765   0.32941
   0.03137   0.92157   0.32157
   0.03529   0.92941   0.30980
   0.03529   0.93725   0.30196
   0.03922   0.94118   0.29412
   0.04314   0.94510   0.28627
   0.04706   0.95294   0.27843
   0.05098   0.95686   0.27059
   0.05490   0.96078   0.26275
   0.06275   0.96471   0.25490
   0.06667   0.96863   0.24706
   0.07059   0.97255   0.23922
   0.07451   0.97647   0.23137
   0.07843   0.98039   0.22353
   0.08627   0.98039   0.21569
   0.09020   0.98431   0.20784
   0.09412   0.98824   0.20000
   0.10196   0.98824   0.19216
   0.10588   0.99216   0.18431
   0.11373   0.99216   0.17647
   0.11765   0.99216   0.17255
   0.12549   0.99216   0.16471
   0.12941   0.99216   0.15686
   0.13725   0.99608   0.14902
   0.14510   0.99216   0.14510
   0.14902   0.99216   0.13725
   0.15686   0.99216   0.12941
   0.16471   0.99216   0.12549
   0.17255   0.99216   0.11765
   0.17647   0.98824   0.11373
   0.18431   0.98824   0.10588
   0.19216   0.98431   0.10196
   0.20000   0.98039   0.09412
   0.20784   0.98039   0.09020
   0.21569   0.97647   0.08627
   0.22353   0.97255   0.07843
   0.23137   0.96863   0.07451
   0.23922   0.96471   0.07059
   0.24706   0.96078   0.06667
   0.25490   0.95686   0.06275
   0.26275   0.95294   0.05490
   0.27059   0.94510   0.05098
   0.27843   0.94118   0.04706
   0.28627   0.93725   0.04314
   0.29412   0.92941   0.03922
   0.30196   0.92157   0.03529
   0.30980   0.91765   0.03529
   0.32157   0.90980   0.03137
   0.32941   0.90196   0.02745
   0.33725   0.89804   0.02353
   0.34510   0.89020   0.01961
   0.35294   0.88235   0.01961
   0.36471   0.87451   0.01569
   0.37255   0.86667   0.01176
   0.38039   0.85490   0.01176
   0.38824   0.84706   0.00784
   0.40000   0.83922   0.00784
   0.40784   0.83137   0.00784
   0.41569   0.81961   0.00392
   0.42745   0.81176   0.00392
   0.43529   0.80392   0.00000
   0.44314   0.79216   0.00000
   0.45490   0.78431   0.00000
   0.46275   0.77255   0.00000
   0.47059   0.76078   0.00000
   0.48235   0.75294   0.00000
   0.49020   0.74118   0.00000
   0.49804   0.72941   0.00000
   0.50980   0.72157   0.00000
   0.51765   0.70980   0.00000
   0.52549   0.69804   0.00000
   0.53725   0.68627   0.00000
   0.54510   0.67451   0.00000
   0.55294   0.66275   0.00000
   0.56471   0.65098   0.00392
   0.57255   0.63922   0.00392
   0.58039   0.62745   0.00392
   0.59216   0.61569   0.00784
   0.60000   0.60392   0.00784
   0.60784   0.59216   0.01176
   0.61569   0.58039   0.01176
   0.62745   0.56863   0.01569
   0.63529   0.55686   0.01961
   0.64314   0.54510   0.01961
   0.65098   0.53333   0.02353
   0.66275   0.52157   0.02745
   0.67059   0.50980   0.02745
   0.67843   0.49412   0.03137
   0.68627   0.48235   0.03529
   0.69412   0.47059   0.03922
   0.70196   0.45882   0.04314
   0.71373   0.44706   0.04706
   0.72157   0.43529   0.05098
   0.72941   0.42353   0.05490
   0.73725   0.41176   0.05882
   0.74510   0.40000   0.06275
   0.75294   0.38824   0.07059
   0.76078   0.37647   0.07451
   0.76863   0.36471   0.07843
   0.77647   0.35294   0.08235
   0.78431   0.34118   0.09020
   0.79216   0.32941   0.09412
   0.79608   0.31765   0.09804
   0.80392   0.30588   0.10588
   0.81176   0.29412   0.10980
   0.81961   0.28235   0.11765
   0.82745   0.27059   0.12157
   0.83137   0.26275   0.12941
   0.83922   0.25098   0.13725
   0.84706   0.23922   0.14118
   0.85098   0.23137   0.14902
   0.85882   0.21961   0.15294
   0.86667   0.20784   0.16078
   0.87059   0.20000   0.16863
   0.87843   0.18824   0.17647
   0.88235   0.18039   0.18431
   0.89020   0.17255   0.18824
   0.89412   0.16078   0.19608
   0.89804   0.15294   0.20392
   0.90588   0.14510   0.21176
   0.90980   0.13725   0.21961
   0.91373   0.12549   0.22745
   0.92157   0.11765   0.23529
   0.92549   0.10980   0.24314
   0.92941   0.10196   0.25098
   0.93333   0.09412   0.25882
   0.93725   0.09020   0.26667
   0.94118   0.08235   0.27451
   0.94510   0.07451   0.28235
   0.94902   0.07059   0.29020
   0.95294   0.06275   0.29804
   0.95686   0.05490   0.30980
   0.96078   0.05098   0.31765
   0.96471   0.04706   0.32549
   0.96863   0.03922   0.33333
   0.96863   0.03529   0.34118
   0.97255   0.03137   0.35294
   0.97647   0.02745   0.36078
   0.97647   0.02353   0.36863
   0.98039   0.01961   0.37647
   0.98039   0.01569   0.38824
   0.98431   0.01176   0.39608
   0.98431   0.01176   0.40392
   0.98824   0.00784   0.41569
   0.98824   0.00392   0.42353
   0.98824   0.00392   0.43137
   0.99216   0.00000   0.44314
   0.99216   0.00000   0.45098
   0.99216   0.00000   0.45882
   0.99216   0.00000   0.46667
