   0.99608   0.98431   0.96471
   0.92549   0.92941   0.94510
   0.90588   0.90980   0.92549
   0.86274   0.88235   0.90196
   0.83529   0.85490   0.87451
   0.81177   0.82353   0.85882
   0.78431   0.79608   0.83137
   0.74902   0.77255   0.81177
   0.72941   0.74902   0.78824
   0.69412   0.71765   0.76863
   0.67059   0.69020   0.74118
   0.63922   0.66667   0.72549
   0.61177   0.63922   0.69804
   0.58039   0.60784   0.66667
   0.56078   0.58824   0.64706
   0.51765   0.56078   0.62353
   0.49020   0.53725   0.59608
   0.46275   0.51765   0.57647
   0.43529   0.49020   0.54510
   0.40000   0.44706   0.52549
   0.38431   0.43137   0.50980
   0.35294   0.40784   0.48627
   0.32549   0.38039   0.45882
   0.29412   0.35686   0.44314
   0.27059   0.32941   0.41569
   0.24706   0.30196   0.39608
   0.22353   0.28235   0.37255
   0.19608   0.25490   0.36078
   0.16863   0.22353   0.32549
   0.13333   0.20392   0.30196
   0.11372   0.18039   0.27451
   0.09412   0.14902   0.25098
   0.07451   0.12549   0.22745
   0.05098   0.10980   0.20392
   0.04706   0.10588   0.19608
   0.05098   0.11765   0.20392
   0.06274   0.12941   0.21961
   0.07451   0.14118   0.23529
   0.08627   0.15686   0.25490
   0.09412   0.17647   0.25882
   0.10588   0.18823   0.27451
   0.12157   0.20784   0.29804
   0.13333   0.21961   0.30980
   0.13725   0.24314   0.32549
   0.14510   0.25490   0.33726
   0.16078   0.27059   0.35686
   0.17647   0.28627   0.37255
   0.18039   0.30196   0.38039
   0.19608   0.31372   0.39608
   0.20392   0.32549   0.40784
   0.21961   0.34118   0.42353
   0.22353   0.36078   0.42745
   0.24706   0.38431   0.45098
   0.24706   0.39608   0.45882
   0.26274   0.41569   0.47843
   0.28235   0.43922   0.49020
   0.29020   0.44706   0.49804
   0.29804   0.46275   0.51372
   0.30980   0.47843   0.52941
   0.31372   0.50196   0.53333
   0.32941   0.51765   0.54902
   0.33333   0.52941   0.56078
   0.34902   0.54902   0.58039
   0.35686   0.56471   0.59216
   0.37255   0.58039   0.60784
   0.39216   0.60392   0.63137
   0.40392   0.61569   0.64314
   0.40392   0.63137   0.64314
   0.42353   0.65490   0.66667
   0.43137   0.66274   0.67451
   0.44706   0.67843   0.69412
   0.45490   0.69804   0.70588
   0.47451   0.71765   0.72549
   0.48235   0.72549   0.73333
   0.50196   0.74902   0.75686
   0.50588   0.77255   0.75294
   0.51765   0.78824   0.76471
   0.52549   0.80784   0.78431
   0.54118   0.81961   0.80000
   0.54902   0.83922   0.81177
   0.56471   0.85882   0.83137
   0.58039   0.87451   0.84706
   0.59608   0.89412   0.86274
   0.59608   0.90588   0.86274
   0.59608   0.90588   0.86274
   0.57647   0.89020   0.81961
   0.56471   0.87843   0.81177
   0.54902   0.86667   0.76078
   0.54118   0.85882   0.75294
   0.52941   0.84706   0.72941
   0.51765   0.83529   0.71372
   0.49804   0.82745   0.66274
   0.47843   0.80784   0.64314
   0.47059   0.80392   0.60784
   0.45490   0.78431   0.58824
   0.44314   0.77647   0.55686
   0.43137   0.76471   0.54510
   0.41569   0.74902   0.50196
   0.40784   0.74118   0.49412
   0.39216   0.72941   0.45882
   0.38039   0.71372   0.44706
   0.36863   0.70196   0.41569
   0.35294   0.68235   0.40000
   0.34510   0.67843   0.36078
   0.32941   0.66274   0.34510
   0.31765   0.64706   0.32549
   0.30588   0.63529   0.31372
   0.28235   0.62353   0.27059
   0.27451   0.61569   0.26274
   0.26274   0.59216   0.22353
   0.25882   0.58431   0.21569
   0.24706   0.57647   0.18039
   0.24314   0.57255   0.17647
   0.27059   0.58431   0.14902
   0.28235   0.60000   0.16078
   0.31372   0.61961   0.11765
   0.32941   0.63922   0.12941
   0.37255   0.65490   0.09804
   0.38431   0.66667   0.10980
   0.41961   0.68628   0.07059
   0.43529   0.70196   0.08627
   0.47843   0.72157   0.02353
   0.49412   0.74118   0.05098
   0.52941   0.75686   0.00000
   0.54510   0.77255   0.00000
   0.58824   0.78824   0.00000
   0.60392   0.80784   0.00000
   0.63529   0.81177   0.00000
   0.65882   0.83529   0.00000
   0.69804   0.85098   0.00000
   0.72157   0.87451   0.00000
   0.75686   0.87843   0.00000
   0.78039   0.90588   0.00000
   0.82353   0.90980   0.00000
   0.84706   0.93333   0.00000
   0.87843   0.94510   0.00000
   0.90196   0.96863   0.00000
   0.93333   0.97255   0.00000
   0.96078   1.00000   0.00000
   1.00000   1.00000   0.00000
   1.00000   1.00000   0.00000
   1.00000   0.98431   0.00000
   1.00000   0.97255   0.00000
   1.00000   0.92157   0.00000
   1.00000   0.90588   0.00000
   1.00000   0.86274   0.00000
   1.00000   0.84706   0.00000
   1.00000   0.80392   0.00000
   1.00000   0.78824   0.00000
   1.00000   0.74902   0.00000
   1.00000   0.73333   0.00000
   1.00000   0.69412   0.00000
   1.00000   0.67843   0.00000
   1.00000   0.63137   0.00000
   1.00000   0.61961   0.00000
   1.00000   0.58039   0.00000
   1.00000   0.56863   0.00000
   1.00000   0.52941   0.00000
   1.00000   0.50980   0.00000
   1.00000   0.46667   0.00000
   1.00000   0.45882   0.00000
   1.00000   0.43137   0.00000
   1.00000   0.40784   0.00000
   1.00000   0.37647   0.00000
   0.98039   0.36078   0.00000
   0.95294   0.33333   0.00000
   0.92941   0.31372   0.00000
   0.90980   0.29020   0.00000
   0.88627   0.27059   0.00000
   0.86274   0.24314   0.00000
   0.84314   0.23137   0.00000
   0.81961   0.20392   0.00000
   0.79216   0.18431   0.00000
   0.77255   0.16078   0.00000
   0.74902   0.14510   0.00000
   0.72549   0.12157   0.02353
   0.72157   0.11765   0.01961
   0.68628   0.12549   0.02353
   0.67451   0.11765   0.01177
   0.63137   0.11765   0.03529
   0.62745   0.11765   0.03137
   0.60392   0.10980   0.03137
   0.59216   0.10196   0.02353
   0.54902   0.10588   0.03529
   0.54510   0.10196   0.03137
   0.50588   0.10196   0.02745
   0.50196   0.09804   0.02353
   0.47451   0.10196   0.03529
   0.46667   0.09804   0.03137
   0.43137   0.09412   0.03922
   0.42745   0.09020   0.03529
   0.39216   0.09412   0.03922
   0.38824   0.09020   0.03529
   0.36078   0.08627   0.03922
   0.34902   0.07843   0.03137
   0.31372   0.08627   0.04706
   0.30196   0.07843   0.04314
   0.29020   0.07843   0.04314
   0.27843   0.07059   0.03922
   0.23922   0.07451   0.03922
   0.23529   0.07059   0.03922
   0.21569   0.06667   0.04314
   0.20784   0.06274   0.03922
   0.18039   0.06274   0.04314
   0.16078   0.05098   0.03137
   0.14118   0.05490   0.03529
   0.13725   0.05098   0.03137
   0.11372   0.05098   0.03529
   0.10196   0.04314   0.02353
   0.08235   0.04314   0.03137
   0.07059   0.03137   0.01961
   0.05882   0.03137   0.02353
   0.05882   0.03137   0.02353
   0.05490   0.03137   0.01961
   0.05098   0.03137   0.01569
   0.04706   0.02353   0.01961
   0.05098   0.02745   0.02353
   0.04314   0.02745   0.01961
   0.03922   0.01569   0.00000
   0.03529   0.01961   0.01569
   0.03137   0.01177   0.00000
   0.02353   0.01569   0.00000
   0.02353   0.01569   0.00000
   0.00000   0.00000   0.00000
   0.00000   0.00000   0.00000
