   0.00000   0.38039   0.50196
   0.00000   0.50196   0.63137
   0.00000   0.63137   0.74902
   0.00000   0.74902   0.87843
   0.00000   0.87843   1.00000
   0.00000   1.00000   1.00000
   0.20000   0.98824   0.98824
   0.40000   0.98824   0.98824
   0.60000   0.98824   0.98824
   0.80000   0.98824   0.98824
   1.00000   1.00000   1.00000
   0.98824   0.98824   0.00000
   0.98824   0.87843   0.00000
   0.98824   0.74902   0.00000
   0.98824   0.63137   0.00000
   0.98824   0.50196   0.00000
   0.98824   0.38039   0.00000
   0.98824   0.25098   0.00000
   0.98824   0.12941   0.00000
   0.74902   0.00000   0.00000
   0.50196   0.00000   0.00000
