   0.09412   0.45490   0.80392
   0.52941   0.80784   1.00000
   0.14902   0.40392   0.15686
   0.16471   0.41961   0.15686
   0.18039   0.43137   0.16078
   0.19608   0.44706   0.16078
   0.21176   0.45882   0.16078
   0.22745   0.47451   0.16471
   0.24314   0.48627   0.16471
   0.25882   0.50196   0.16471
   0.27451   0.51373   0.16863
   0.29020   0.52941   0.16863
   0.30588   0.54118   0.16863
   0.32157   0.55686   0.17255
   0.33725   0.56863   0.17255
   0.35294   0.58431   0.17255
   0.36863   0.59608   0.17647
   0.38431   0.61176   0.17647
   0.40000   0.62353   0.18039
   0.41569   0.63922   0.18039
   0.43137   0.65098   0.18039
   0.44706   0.66667   0.18431
   0.46275   0.67843   0.18431
   0.47843   0.69412   0.18431
   0.49412   0.70588   0.18824
   0.50980   0.72157   0.18824
   0.52549   0.73333   0.18824
   0.54118   0.74902   0.19216
   0.55686   0.76078   0.19216
   0.57255   0.77647   0.19216
   0.60392   0.80392   0.19608
   0.60784   0.80784   0.20392
   0.61176   0.81176   0.21176
   0.61961   0.81569   0.21961
   0.62353   0.82353   0.22353
   0.62745   0.82745   0.23137
   0.63137   0.83137   0.23922
   0.63529   0.83529   0.24706
   0.63922   0.83922   0.25490
   0.64706   0.84314   0.26275
   0.65098   0.84706   0.27059
   0.65490   0.85490   0.27451
   0.65882   0.85882   0.28235
   0.66275   0.86275   0.29020
   0.66667   0.86667   0.29804
   0.67451   0.87059   0.30588
   0.67843   0.87451   0.31373
   0.68235   0.87843   0.32157
   0.68627   0.88235   0.32941
   0.69020   0.89020   0.33333
   0.69412   0.89412   0.34118
   0.70196   0.89804   0.34902
   0.70588   0.90196   0.35686
   0.70980   0.90588   0.36471
   0.71373   0.90980   0.37255
   0.71765   0.91373   0.38039
   0.72157   0.92157   0.38431
   0.72941   0.92549   0.39216
   0.73725   0.93333   0.40784
   0.74510   0.93333   0.41961
   0.75294   0.93333   0.43529
   0.76078   0.93725   0.44706
   0.77255   0.93725   0.45882
   0.78039   0.93725   0.47451
   0.78824   0.93725   0.48627
   0.79608   0.94118   0.49804
   0.80392   0.94118   0.50980
   0.81176   0.94118   0.52549
   0.81961   0.94118   0.53725
   0.83137   0.94510   0.54902
   0.83922   0.94510   0.56471
   0.84706   0.94510   0.57647
   0.85490   0.94510   0.58824
   0.86275   0.94902   0.60392
   0.87059   0.94902   0.61569
   0.87843   0.94902   0.62745
   0.88627   0.94902   0.64314
   0.89804   0.95294   0.65490
   0.90588   0.95294   0.66667
   0.91373   0.95294   0.68235
   0.92157   0.95294   0.69412
   0.92941   0.95686   0.70588
   0.93725   0.95686   0.71765
   0.94510   0.95686   0.73333
   0.95686   0.95686   0.74510
   0.96471   0.96078   0.75686
   0.98039   0.96078   0.78431
   0.98039   0.95686   0.78039
   0.97647   0.95686   0.77255
   0.97647   0.95294   0.76863
   0.97647   0.95294   0.76078
   0.97255   0.94902   0.75686
   0.97255   0.94902   0.74902
   0.97255   0.94510   0.74510
   0.96863   0.94510   0.73725
   0.96863   0.94118   0.73333
   0.96863   0.93725   0.72941
   0.96471   0.93725   0.72157
   0.96471   0.93333   0.71765
   0.96471   0.93333   0.70980
   0.96078   0.92941   0.70588
   0.96078   0.92941   0.69804
   0.95686   0.92549   0.69412
   0.95686   0.92549   0.68627
   0.95686   0.92157   0.68235
   0.95294   0.92157   0.67451
   0.95294   0.91765   0.67059
   0.95294   0.91373   0.66667
   0.94902   0.91373   0.65882
   0.94902   0.90980   0.65490
   0.94902   0.90980   0.64706
   0.94510   0.90588   0.64314
   0.94510   0.90588   0.63529
   0.94510   0.90196   0.63137
   0.94118   0.89804   0.61961
   0.93725   0.89412   0.60784
   0.93333   0.88627   0.60000
   0.92941   0.88235   0.58824
   0.92549   0.87843   0.58039
   0.92157   0.87059   0.56863
   0.91765   0.86667   0.55686
   0.91373   0.86275   0.54902
   0.91373   0.85882   0.53725
   0.90980   0.85098   0.52941
   0.90588   0.84706   0.51765
   0.90196   0.84314   0.50980
   0.89804   0.83529   0.49804
   0.89412   0.83137   0.48627
   0.89020   0.82745   0.47843
   0.88627   0.81961   0.46667
   0.88235   0.81569   0.45882
   0.87843   0.81176   0.44706
   0.87451   0.80392   0.43529
   0.87059   0.80000   0.42745
   0.86667   0.79608   0.41569
   0.86275   0.78824   0.40784
   0.86275   0.78431   0.39608
   0.85882   0.78039   0.38824
   0.85490   0.77647   0.37647
   0.85098   0.76863   0.36471
   0.84706   0.76471   0.35686
   0.83529   0.74902   0.32549
   0.83529   0.74510   0.31765
   0.83137   0.74118   0.30980
   0.83137   0.73333   0.30196
   0.83137   0.72941   0.29804
   0.83137   0.72549   0.29020
   0.82745   0.72157   0.28235
   0.82745   0.71373   0.27451
   0.82745   0.70980   0.26667
   0.82745   0.70588   0.25882
   0.82353   0.70196   0.25098
   0.82353   0.69412   0.24706
   0.82353   0.69020   0.23922
   0.81961   0.68627   0.23137
   0.81961   0.68235   0.22353
   0.81961   0.67451   0.21569
   0.81961   0.67059   0.20784
   0.81569   0.66667   0.20000
   0.81569   0.66275   0.19216
   0.81569   0.65490   0.18824
   0.81176   0.65098   0.18039
   0.81176   0.64706   0.17255
   0.81176   0.64314   0.16471
   0.81176   0.63529   0.15686
   0.80784   0.63137   0.14902
   0.80784   0.62745   0.14118
   0.80784   0.62353   0.13725
   0.80784   0.61569   0.12941
   0.80392   0.60784   0.11373
   0.79608   0.60000   0.11373
   0.78431   0.59216   0.11765
   0.77647   0.58039   0.11765
   0.76863   0.57255   0.12157
   0.76078   0.56471   0.12157
   0.74902   0.55686   0.12549
   0.74118   0.54510   0.12549
   0.73333   0.53725   0.12941
   0.72549   0.52941   0.12941
   0.71373   0.52157   0.13333
   0.70588   0.50980   0.13333
   0.69804   0.50196   0.13725
   0.68627   0.49412   0.13725
   0.67843   0.48627   0.14118
   0.67059   0.47451   0.14118
   0.66275   0.46667   0.14510
   0.65098   0.45882   0.14510
   0.64314   0.45098   0.14902
   0.63529   0.43922   0.14902
   0.62353   0.43137   0.15294
   0.61569   0.42353   0.15294
   0.60784   0.41569   0.15686
   0.60000   0.40392   0.15686
   0.58824   0.39608   0.16078
   0.58039   0.38824   0.16078
   0.57255   0.38039   0.16471
   0.56471   0.36863   0.16471
   0.54510   0.35294   0.16863
   0.53725   0.34902   0.16471
   0.52941   0.34510   0.16471
   0.52157   0.33725   0.16078
   0.51373   0.33333   0.16078
   0.50588   0.32941   0.15686
   0.49804   0.32549   0.15294
   0.49020   0.31765   0.15294
   0.48627   0.31373   0.14902
   0.47843   0.30980   0.14902
   0.47059   0.30588   0.14510
   0.46275   0.29804   0.14510
   0.45490   0.29412   0.14118
   0.44706   0.29020   0.13725
   0.43922   0.28627   0.13725
   0.43137   0.27843   0.13333
   0.42353   0.27451   0.13333
   0.41569   0.27059   0.12941
   0.40784   0.26667   0.12549
   0.40000   0.25882   0.12549
   0.39216   0.25490   0.12157
   0.38431   0.25098   0.12157
   0.38039   0.24706   0.11765
   0.37255   0.23922   0.11765
   0.36471   0.23529   0.11373
   0.35686   0.23137   0.10980
   0.34902   0.22745   0.10980
   0.34118   0.21961   0.10588
   0.32549   0.21176   0.10196
   0.34902   0.23922   0.13333
   0.36863   0.26275   0.16471
   0.39216   0.29020   0.19608
   0.41569   0.31765   0.22745
   0.43529   0.34118   0.25490
   0.45882   0.36863   0.28627
   0.48235   0.39608   0.31765
   0.50588   0.42353   0.34902
   0.52549   0.44706   0.38039
   0.54902   0.47451   0.41176
   0.57255   0.50196   0.44314
   0.59216   0.52549   0.47451
   0.61569   0.55294   0.50588
   0.63922   0.58039   0.53725
   0.65882   0.60392   0.56471
   0.68235   0.63137   0.59608
   0.70588   0.65882   0.62745
   0.72549   0.68235   0.65882
   0.74902   0.70980   0.69020
   0.77255   0.73725   0.72157
   0.79216   0.76078   0.75294
   0.81569   0.78824   0.78431
   0.83922   0.81569   0.81569
   0.86275   0.84314   0.84706
   0.88235   0.86667   0.87451
   0.90588   0.89412   0.90588
   0.92941   0.92157   0.93725
   0.97255   0.97255   1.00000
