   1.00000   1.00000   1.00000
   0.00000   0.00000   0.00000
   0.00000   0.00000   0.00000
   0.09412   0.09412   0.43922
   0.06275   0.30588   0.54510
   0.09020   0.45490   0.80392
   0.28235   0.46275   1.00000
   0.35686   0.67451   0.92941
   0.67843   0.84314   0.90196
   0.81961   0.92941   0.92941
   0.90196   0.90196   0.98039
   1.00000   0.89412   0.70588
   0.95294   0.64314   0.37647
   0.92941   0.46275   0.00000
   0.82353   0.41176   0.11765
   1.00000   0.00000   0.00000
   0.92941   0.00000   0.00000
   0.80392   0.00000   0.00000
   0.54510   0.00000   0.00000
