   1.00000   1.00000   1.00000
   0.00000   0.00000   0.00000
   0.09412   0.09412   0.43922
   0.06275   0.30588   0.54510
   0.09020   0.45490   0.80392
   0.28235   0.46275   1.00000
   0.35686   0.67451   0.92941
   0.67843   0.84314   0.90196
   0.81961   0.92941   0.92941
   0.89804   0.93725   0.97647
   0.94902   1.00000   1.00000
   0.99216   0.96078   0.90196
   1.00000   0.89412   0.70588
   0.95294   0.64314   0.37647
   0.92941   0.46275   0.00000
   0.80392   0.40000   0.11373
   0.87843   0.19216   0.05882
   0.92941   0.00000   0.00000
   0.80392   0.00000   0.00000
   0.54510   0.00000   0.00000
