   1.00000   1.00000   1.00000
   0.00000   0.00000   0.00000
   1.00000   1.00000   1.00000
   0.91373   0.80000   0.97647
   0.81176   0.50196   0.87451
   0.51373   0.20000   0.57647
   0.22745   0.00000   0.69020
   0.11373   0.00000   0.84314
   0.00000   0.00000   1.00000
   0.01176   0.23529   0.68627
   0.01961   0.46667   0.37255
   0.03137   0.70196   0.05882
   0.51765   0.85098   0.03137
   1.00000   1.00000   0.00000
   1.00000   0.66667   0.00000
   1.00000   0.33333   0.00000
   1.00000   0.00000   0.00000
   0.70196   0.00000   0.00000
   0.40000   0.00000   0.00000
   0.20000   0.00000   0.00000
   0.00000   0.00000   0.00000
   0.98039   0.77255   0.98039
   1.00000   1.00000   1.00000
