   0.41961   0.12941   0.02745
   0.70980   0.23137   0.12941
   0.78039   0.33333   0.25882
   0.80392   0.41176   0.35294
   0.65098   0.19608   0.21569
   0.67843   0.25098   0.34510
   0.76078   0.40392   0.44706
   0.85098   0.60392   0.62353
   1.00000   0.87451   0.87843
   0.99608   0.99608   0.99608
   0.99608   0.99608   0.99608
   0.87451   1.00000   0.97647
   0.60392   0.85098   0.79216
   0.40392   0.76078   0.63922
   0.25098   0.67843   0.45882
   0.19608   0.65098   0.58824
   0.35294   0.62745   0.80392
   0.25882   0.57255   0.78039
   0.29804   0.55294   0.76863
   0.02745   0.18431   0.41961
