   1.00000   1.00000   1.00000
   0.83922   0.88627   1.00000
   0.70980   0.78824   1.00000
   0.55686   0.69804   1.00000
   0.49804   0.58824   1.00000
   0.38824   0.43922   0.96863
   0.00000   0.38824   1.00000
   0.00000   0.58824   0.58824
   0.00000   0.77647   0.20000
   0.38824   1.00000   0.00000
   0.58824   1.00000   0.00000
   0.77647   1.00000   0.20000
   1.00000   1.00000   0.00000
   1.00000   0.77647   0.00000
   1.00000   0.62745   0.00000
   1.00000   0.48627   0.00000
   1.00000   0.09804   0.00000
