   1.00000   1.00000   1.00000
   0.92157   0.96471   1.00000
   0.83922   0.88627   1.00000
   0.70980   0.78824   1.00000
   0.55686   0.69804   1.00000
   0.49804   0.58824   1.00000
   0.44706   0.52157   0.97255
   0.38824   0.43922   0.97255
   0.00000   0.61961   0.11765
   0.23529   0.73725   0.23922
   0.70196   0.81961   0.43137
   0.72549   0.97647   0.43137
   1.00000   0.97647   0.07451
   1.00000   0.63922   0.03529
   0.89804   0.00000   0.00000
   0.74118   0.00000   0.00000
   0.50588   0.00000   0.00000
   0.00000   0.00000   0.00000
