   1.00000   0.00000   0.00000
   0.00000   1.00000   0.00000
   0.00000   0.00000   1.00000
   0.00000   1.00000   1.00000
   1.00000   0.00000   0.83000
   1.00000   1.00000   0.00000
   1.00000   0.50000   0.00000
   0.60000   0.83000   0.00000
   0.00000   1.00000   0.60000
   0.00000   0.50000   1.00000
   0.55000   0.00000   0.83000
   1.00000   0.00000   0.55000
   0.33000   0.33000   0.33000
   0.67000   0.67000   0.67000
   1.00000   1.00000   0.33000
   0.75000   1.00000   0.45000
   0.45000   1.00000   0.60000
   0.17000   1.00000   0.75000
   0.25000   0.83000   0.83000
   0.50000   0.67000   0.83000
   0.75000   0.55000   0.83000
   1.00000   0.33000   0.90000
   0.67000   0.90000   0.45000
   0.40000   0.90000   0.55000
   0.17000   0.90000   0.67000
   0.17000   0.67000   0.90000
   0.17000   0.50000   1.00000
   0.45000   0.33000   1.00000
   0.75000   0.17000   1.00000
   0.90000   0.09000   1.00000
   0.83000   1.00000   0.17000
   0.67000   1.00000   0.25000
   0.45000   1.00000   0.33000
   0.17000   1.00000   0.50000
   0.17000   0.83000   0.60000
   0.17000   0.67000   0.75000
   0.17000   0.55000   0.83000
   0.25000   0.45000   0.90000
   0.40000   0.33000   0.90000
   0.67000   0.17000   0.90000
   0.83000   0.17000   0.83000
   0.90000   0.33000   0.67000
   0.83000   0.45000   0.60000
   0.83000   0.60000   0.50000
   0.90000   0.67000   0.40000
   0.90000   0.67000   0.25000
   1.00000   0.90000   0.09000
   0.83000   1.00000   0.09000
   0.60000   1.00000   0.17000
   0.45000   1.00000   0.25000
   0.17000   0.90000   0.45000
   0.17000   0.83000   0.55000
   0.17000   0.67000   0.67000
   0.17000   0.55000   0.75000
   0.17000   0.40000   0.90000
   0.40000   0.25000   0.90000
   0.55000   0.17000   0.90000
   0.83000   0.17000   0.75000
   1.00000   0.17000   0.67000
   1.00000   0.25000   0.60000
   1.00000   0.40000   0.50000
   1.00000   0.50000   0.40000
   1.00000   0.83000   0.09000
   0.75000   1.00000   0.00000
   0.60000   1.00000   0.13000
   0.40000   1.00000   0.17000
   0.13000   1.00000   0.33000
   0.13000   0.83000   0.45000
   0.17000   0.75000   0.50000
   0.13000   0.60000   0.67000
   0.13000   0.50000   0.75000
   0.13000   0.40000   0.83000
   0.17000   0.25000   0.90000
   0.17000   0.17000   1.00000
   0.33000   0.09000   1.00000
   0.55000   0.09000   0.90000
   0.75000   0.00000   0.83000
   0.90000   0.00000   0.75000
   0.90000   0.75000   0.09000
   0.67000   0.90000   0.09000
   0.55000   0.90000   0.13000
   0.25000   0.90000   0.25000
   0.13000   0.90000   0.33000
   0.17000   0.75000   0.40000
   0.13000   0.67000   0.50000
   0.13000   0.55000   0.60000
   0.13000   0.45000   0.67000
   0.17000   0.33000   0.75000
   0.17000   0.25000   0.83000
   0.33000   0.17000   0.83000
   0.55000   0.13000   0.75000
   0.75000   0.13000   0.67000
   0.90000   0.17000   0.55000
   0.83000   0.25000   0.50000
   0.83000   0.75000   0.00000
   0.60000   0.83000   0.09000
   0.45000   0.90000   0.09000
   0.33000   0.90000   0.13000
   0.13000   0.90000   0.25000
   0.17000   0.83000   0.25000
   0.17000   0.75000   0.33000
   0.17000   0.60000   0.45000
   0.13000   0.50000   0.55000
   0.13000   0.45000   0.60000
   0.17000   0.33000   0.67000
   0.33000   0.25000   0.67000
   0.45000   0.25000   0.60000
   0.67000   0.25000   0.50000
   0.83000   0.25000   0.40000
   1.00000   0.25000   0.33000
   0.75000   0.67000   0.00000
   0.55000   0.75000   0.09000
   0.40000   0.83000   0.09000
   0.25000   0.90000   0.09000
   0.17000   0.90000   0.13000
   0.17000   0.83000   0.17000
   0.13000   0.75000   0.25000
   0.13000   0.67000   0.33000
   0.13000   0.60000   0.40000
   0.13000   0.45000   0.50000
   0.13000   0.40000   0.55000
   0.25000   0.33000   0.55000
   0.45000   0.33000   0.45000
   0.55000   0.33000   0.40000
   0.67000   0.33000   0.33000
   0.83000   0.33000   0.25000
   0.67000   0.60000   0.00000
   0.50000   0.67000   0.09000
   0.40000   0.67000   0.13000
   0.25000   0.67000   0.17000
   0.13000   0.67000   0.25000
   0.09000   0.60000   0.33000
   0.09000   0.50000   0.40000
   0.13000   0.40000   0.45000
   0.13000   0.33000   0.50000
   0.09000   0.17000   0.67000
   0.17000   0.13000   0.67000
   0.40000   0.13000   0.55000
   0.50000   0.13000   0.50000
   0.60000   0.13000   0.45000
   0.75000   0.13000   0.40000
   0.90000   0.13000   0.33000
   0.55000   0.50000   0.09000
   0.45000   0.60000   0.09000
   0.33000   0.60000   0.13000
   0.17000   0.60000   0.17000
   0.09000   0.55000   0.25000
   0.13000   0.45000   0.33000
   0.09000   0.40000   0.40000
   0.17000   0.33000   0.40000
   0.17000   0.25000   0.45000
   0.25000   0.17000   0.50000
   0.25000   0.13000   0.55000
   0.33000   0.13000   0.50000
   0.45000   0.13000   0.45000
   0.55000   0.13000   0.40000
   0.67000   0.13000   0.33000
   0.83000   0.13000   0.25000
   0.50000   0.45000   0.09000
   0.40000   0.50000   0.09000
   0.33000   0.60000   0.00000
   0.17000   0.60000   0.09000
   0.13000   0.67000   0.09000
   0.13000   0.60000   0.13000
   0.13000   0.50000   0.17000
   0.09000   0.45000   0.25000
   0.13000   0.40000   0.25000
   0.13000   0.33000   0.33000
   0.09000   0.25000   0.40000
   0.09000   0.17000   0.50000
   0.09000   0.13000   0.55000
   0.13000   0.00000   0.60000
   0.33000   0.00000   0.50000
   0.50000   0.00000   0.40000
   0.75000   0.33000   0.00000
   0.67000   0.40000   0.00000
   0.55000   0.40000   0.09000
   0.33000   0.40000   0.17000
   0.25000   0.33000   0.25000
   0.25000   0.25000   0.33000
   0.25000   0.17000   0.40000
   0.33000   0.13000   0.40000
   0.50000   0.13000   0.33000
   0.60000   0.13000   0.25000
   0.75000   0.09000   0.25000
   0.83000   0.00000   0.25000
   1.00000   0.00000   0.17000
   1.00000   0.13000   0.13000
   0.90000   0.17000   0.09000
   0.83000   0.25000   0.09000
   0.60000   0.25000   0.00000
   0.45000   0.40000   0.00000
   0.25000   0.40000   0.13000
   0.25000   0.33000   0.17000
   0.17000   0.25000   0.25000
   0.17000   0.17000   0.33000
   0.25000   0.13000   0.33000
   0.33000   0.09000   0.33000
   0.50000   0.09000   0.25000
   0.67000   0.09000   0.17000
   0.83000   0.00000   0.17000
   0.90000   0.00000   0.13000
   1.00000   0.00000   0.09000
   1.00000   0.13000   0.09000
   0.83000   0.17000   0.00000
   0.75000   0.25000   0.00000
   0.50000   0.17000   0.00000
   0.40000   0.33000   0.00000
   0.13000   0.45000   0.09000
   0.09000   0.40000   0.13000
   0.09000   0.33000   0.17000
   0.09000   0.25000   0.25000
   0.13000   0.17000   0.33000
   0.17000   0.09000   0.40000
   0.25000   0.00000   0.33000
   0.45000   0.00000   0.25000
   0.60000   0.00000   0.17000
   0.75000   0.00000   0.13000
   0.83000   0.00000   0.09000
   0.75000   0.09000   0.09000
   0.67000   0.13000   0.09000
   0.60000   0.17000   0.00000
   0.40000   0.17000   0.00000
   0.17000   0.33000   0.00000
   0.09000   0.33000   0.00000
   0.09000   0.25000   0.09000
   0.09000   0.17000   0.13000
   0.09000   0.13000   0.25000
   0.09000   0.13000   0.33000
   0.09000   0.00000   0.33000
   0.13000   0.00000   0.25000
   0.17000   0.00000   0.17000
   0.33000   0.00000   0.17000
   0.33000   0.00000   0.13000
   0.40000   0.00000   0.09000
   0.45000   0.09000   0.09000
   0.45000   0.13000   0.00000
   0.17000   0.09000   0.00000
