   0.69804   0.97255   1.00000
   0.69804   0.72157   1.00000
   0.49020   0.14510   0.80392
   0.32941   0.10196   0.54510
   0.92941   0.90196   0.52157
   0.80392   0.77647   0.45098
   0.58824   0.58824   0.58824
   1.00000   1.00000   1.00000
   0.66667   1.00000   1.00000
   0.33333   0.62745   1.00000
   0.11373   0.00000   1.00000
   0.49412   0.89804   0.35686
   0.30588   0.80000   0.26275
   0.18039   0.69804   0.22353
   0.11765   0.60000   0.23922
   1.00000   1.00000   0.40000
   1.00000   0.80000   0.40000
   1.00000   0.53333   0.29804
   1.00000   0.09804   0.09804
   0.80000   0.23922   0.23922
   0.64706   0.19216   0.19216
   0.92941   0.00000   0.92941
   0.53725   0.40392   0.80392
   0.98039   0.94118   0.90196
