   0.32941   0.00000   0.62353
   0.32941   0.00000   0.63922
   0.32941   0.00000   0.65882
   0.30980   0.00000   0.69412
   0.30588   0.00000   0.71373
   0.30196   0.00000   0.72941
   0.29804   0.00000   0.74902
   0.27451   0.00000   0.78431
   0.26667   0.00000   0.80000
   0.25882   0.00000   0.81961
   0.23529   0.00000   0.83922
   0.22745   0.00000   0.85490
   0.21569   0.00000   0.87451
   0.18039   0.00000   0.90980
   0.16863   0.00000   0.92549
   0.15686   0.00000   0.94510
   0.14118   0.00000   0.96078
   0.12941   0.00000   0.98039
   0.09804   0.00000   1.00000
   0.06275   0.00000   1.00000
   0.04706   0.00000   1.00000
   0.01569   0.00000   1.00000
   0.00000   0.00000   1.00000
   0.00000   0.01569   1.00000
   0.00000   0.06275   1.00000
   0.00000   0.08235   1.00000
   0.00000   0.09804   1.00000
   0.00000   0.11373   1.00000
   0.00000   0.14902   1.00000
   0.00000   0.16471   1.00000
   0.00000   0.18039   1.00000
   0.00000   0.20000   1.00000
   0.00000   0.24706   1.00000
   0.00000   0.26275   1.00000
   0.00000   0.28235   1.00000
   0.00000   0.32941   1.00000
   0.00000   0.34902   1.00000
   0.00000   0.36471   1.00000
   0.00000   0.38039   1.00000
   0.00000   0.41569   1.00000
   0.00000   0.43137   1.00000
   0.00000   0.44706   1.00000
   0.00000   0.46667   1.00000
   0.00000   0.49804   1.00000
   0.00000   0.52941   1.00000
   0.00000   0.54902   1.00000
   0.00000   0.59608   1.00000
   0.00000   0.61569   1.00000
   0.00000   0.63137   1.00000
   0.00000   0.64706   1.00000
   0.00000   0.68235   1.00000
   0.00000   0.69804   1.00000
   0.00000   0.71373   1.00000
   0.00000   0.73333   1.00000
   0.00000   0.76471   1.00000
   0.00000   0.78039   1.00000
   0.00000   0.84706   1.00000
   0.00000   0.86275   1.00000
   0.00000   0.88235   1.00000
   0.00000   0.89804   1.00000
   0.00000   0.91373   1.00000
   0.00000   0.94902   1.00000
   0.00000   0.96471   1.00000
   0.00000   0.98039   1.00000
   0.00000   1.00000   1.00000
   0.00000   1.00000   0.96471
   0.00000   1.00000   0.94902
   0.00000   1.00000   0.93333
   0.00000   1.00000   0.88235
   0.00000   1.00000   0.84706
   0.00000   1.00000   0.83137
   0.00000   1.00000   0.79608
   0.00000   1.00000   0.78039
   0.00000   1.00000   0.76471
   0.00000   1.00000   0.74902
   0.00000   1.00000   0.73333
   0.00000   1.00000   0.69804
   0.00000   1.00000   0.68235
   0.00000   1.00000   0.66667
   0.00000   1.00000   0.61569
   0.00000   1.00000   0.59608
   0.00000   1.00000   0.56471
   0.00000   1.00000   0.52941
   0.00000   1.00000   0.51373
   0.00000   1.00000   0.49804
   0.00000   1.00000   0.48235
   0.00000   1.00000   0.44706
   0.00000   1.00000   0.43137
   0.00000   1.00000   0.41569
   0.00000   1.00000   0.40000
   0.00000   1.00000   0.34902
   0.00000   1.00000   0.32941
   0.00000   1.00000   0.31373
   0.00000   1.00000   0.29804
   0.00000   1.00000   0.24706
   0.00000   1.00000   0.23137
   0.00000   1.00000   0.21569
   0.00000   1.00000   0.18039
   0.00000   1.00000   0.16471
   0.00000   1.00000   0.14902
   0.00000   1.00000   0.09804
   0.00000   1.00000   0.08235
   0.00000   1.00000   0.06275
   0.00000   1.00000   0.04706
   0.00000   1.00000   0.03137
   0.00000   1.00000   0.00000
   0.03137   1.00000   0.00000
   0.04706   1.00000   0.00000
   0.08235   1.00000   0.00000
   0.09804   1.00000   0.00000
   0.11373   1.00000   0.00000
   0.16471   1.00000   0.00000
   0.18039   1.00000   0.00000
   0.20000   1.00000   0.00000
   0.21569   1.00000   0.00000
   0.24706   1.00000   0.00000
   0.26275   1.00000   0.00000
   0.28235   1.00000   0.00000
   0.29804   1.00000   0.00000
   0.34902   1.00000   0.00000
   0.36471   1.00000   0.00000
   0.38039   1.00000   0.00000
   0.43137   1.00000   0.00000
   0.44706   1.00000   0.00000
   0.46667   1.00000   0.00000
   0.48235   1.00000   0.00000
   0.51373   1.00000   0.00000
   0.52941   1.00000   0.00000
   0.54902   1.00000   0.00000
   0.56471   1.00000   0.00000
   0.60000   1.00000   0.00000
   0.63137   1.00000   0.00000
   0.64706   1.00000   0.00000
   0.69804   1.00000   0.00000
   0.71373   1.00000   0.00000
   0.73333   1.00000   0.00000
   0.74902   1.00000   0.00000
   0.78039   1.00000   0.00000
   0.79608   1.00000   0.00000
   0.81569   1.00000   0.00000
   0.83137   1.00000   0.00000
   0.86667   1.00000   0.00000
   0.88235   1.00000   0.00000
   0.94902   1.00000   0.00000
   0.96471   1.00000   0.00000
   0.98039   1.00000   0.00000
   1.00000   1.00000   0.00000
   1.00000   0.98039   0.00000
   1.00000   0.94902   0.00000
   1.00000   0.93333   0.00000
   1.00000   0.91373   0.00000
   1.00000   0.89804   0.00000
   1.00000   0.86667   0.00000
   1.00000   0.84706   0.00000
   1.00000   0.83137   0.00000
   1.00000   0.78039   0.00000
   1.00000   0.74902   0.00000
   1.00000   0.73333   0.00000
   1.00000   0.69804   0.00000
   1.00000   0.68235   0.00000
   1.00000   0.66667   0.00000
   1.00000   0.64706   0.00000
   1.00000   0.63137   0.00000
   1.00000   0.60000   0.00000
   1.00000   0.58039   0.00000
   1.00000   0.56471   0.00000
   1.00000   0.51373   0.00000
   1.00000   0.49804   0.00000
   1.00000   0.46667   0.00000
   1.00000   0.43137   0.00000
   1.00000   0.41569   0.00000
   1.00000   0.40000   0.00000
   1.00000   0.38039   0.00000
   1.00000   0.34902   0.00000
   1.00000   0.33333   0.00000
   1.00000   0.31373   0.00000
   1.00000   0.29804   0.00000
   1.00000   0.24706   0.00000
   1.00000   0.23137   0.00000
   1.00000   0.21569   0.00000
   1.00000   0.20000   0.00000
   1.00000   0.14902   0.00000
   1.00000   0.13333   0.00000
   1.00000   0.11373   0.00000
   1.00000   0.08235   0.00000
   1.00000   0.06667   0.00000
   1.00000   0.04706   0.00000
   1.00000   0.00000   0.00000
