   0.99608   0.99608   0.99608
   0.99608   0.99608   0.62745
   0.99608   0.99608   0.38824
   0.95686   0.95686   0.43137
   1.00000   0.82353   0.13725
   1.00000   0.63922   0.09804
   1.00000   0.34902   0.09804
   0.90196   0.47843   0.39608
   0.92941   0.56863   0.48627
   0.93725   0.69804   0.57255
   0.96863   0.78039   0.69804
   1.00000   0.90196   0.90196
   0.84314   0.88235   1.00000
   0.58824   0.82353   1.00000
   0.11765   0.74118   1.00000
   0.07843   0.62353   1.00000
   0.03922   0.42353   0.94118
   0.04314   0.45490   1.00000
   0.03922   0.40784   0.78431
   0.00000   0.34902   0.62353
