   0.00000   0.00000   0.00000
   0.11373   0.00000   0.17647
   0.22745   0.00000   0.35686
   0.34118   0.00000   0.53333
   0.22745   0.00000   0.69020
   0.11373   0.00000   0.84314
   0.00000   0.00000   1.00000
   0.01176   0.23529   0.68627
   0.01961   0.46667   0.37255
   0.03137   0.70196   0.05882
   0.51765   0.85098   0.03137
   1.00000   1.00000   0.00000
   1.00000   0.66667   0.00000
   1.00000   0.33333   0.00000
   1.00000   0.00000   0.00000
   0.98039   0.10588   0.31373
   0.96078   0.20784   0.62745
   0.94118   0.31373   0.94118
   0.96078   0.54118   0.96078
   0.98039   0.77255   0.98039
   1.00000   1.00000   1.00000
