   0.00000   0.00000   0.00000
   0.34118   0.00000   0.53333
   0.22745   0.00000   0.69020
   0.11373   0.00000   0.84314
   0.00000   0.00000   1.00000
   0.01176   0.23529   0.68627
   0.01961   0.46667   0.37255
   0.03137   0.70196   0.05882
   0.27451   0.77647   0.04314
   0.51765   0.85098   0.03137
   0.75686   0.92549   0.01569
   1.00000   1.00000   0.00000
   1.00000   0.74902   0.00000
   1.00000   0.50196   0.00000
   1.00000   0.25098   0.00000
   1.00000   0.00000   0.00000
   0.98039   0.10588   0.31373
   0.96078   0.20784   0.62745
   0.94118   0.31373   0.94118
   0.95686   0.48627   0.95686
   0.97255   0.65882   0.97255
   0.98431   0.82745   0.98431
   1.00000   1.00000   1.00000
