   0.60000   0.05882   0.05882
   0.69804   0.17255   0.17255
   0.80000   0.31765   0.31765
   0.89804   0.49412   0.49412
   1.00000   0.69804   0.69804
   0.60000   0.32941   0.05882
   0.69804   0.43529   0.17255
   0.80000   0.55686   0.31765
   0.89804   0.69412   0.49412
   1.00000   0.84706   0.69804
   0.41961   0.60000   0.05882
   0.52157   0.69804   0.17255
   0.63922   0.80000   0.31765
   0.76471   0.89804   0.49412
   0.89804   1.00000   0.69804
   0.05882   0.41961   0.60000
   0.17255   0.52157   0.69804
   0.31765   0.63922   0.80000
   0.49412   0.76471   0.89804
   0.69804   0.89804   1.00000
   0.14902   0.05882   0.60000
   0.25882   0.17255   0.69804
   0.39608   0.31765   0.80000
   0.56078   0.49412   0.89804
   0.74902   0.69804   1.00000
