   0.07843   0.12549   0.43922
   0.10980   0.15686   0.43922
   0.14118   0.18824   0.45490
   0.17255   0.20392   0.45490
   0.20392   0.23529   0.47059
   0.21961   0.26667   0.47059
   0.25098   0.29804   0.48627
   0.31373   0.34510   0.50196
   0.34510   0.37647   0.50196
   0.36078   0.39216   0.51765
   0.39216   0.42353   0.51765
   0.42353   0.45490   0.53333
   0.45490   0.48627   0.53333
   0.51765   0.53333   0.54902
   0.53333   0.56471   0.54902
   0.56471   0.58039   0.56471
   0.59608   0.61176   0.56471
   0.62745   0.64314   0.58039
   0.65882   0.67451   0.58039
   0.70588   0.72157   0.59608
   0.73725   0.75294   0.61176
   0.76863   0.76863   0.61176
   0.80000   0.80000   0.62745
   0.81569   0.83137   0.62745
   0.84706   0.86275   0.64314
   0.90980   0.90980   0.65882
   0.94118   0.94118   0.65882
   0.97255   0.97255   0.67451
   0.95686   0.95686   0.65882
   0.92549   0.94118   0.64314
   0.89412   0.90980   0.62745
   0.83137   0.87843   0.59608
   0.80000   0.84706   0.56471
   0.76863   0.83137   0.54902
   0.73725   0.80000   0.53333
   0.70588   0.78431   0.51765
   0.67451   0.76863   0.50196
   0.62745   0.72157   0.45490
   0.59608   0.70588   0.43922
   0.56471   0.67451   0.42353
   0.53333   0.65882   0.40784
   0.50196   0.62745   0.37647
   0.47059   0.61176   0.36078
   0.40784   0.56471   0.32941
   0.37647   0.54902   0.31373
   0.34510   0.53333   0.29804
   0.32941   0.50196   0.26667
   0.29804   0.48627   0.25098
   0.26667   0.45490   0.23529
   0.20392   0.42353   0.20392
   0.17255   0.39216   0.17255
   0.14118   0.37647   0.15686
   0.10980   0.36078   0.14118
   0.07843   0.32941   0.12549
   0.04706   0.31373   0.10980
   0.03137   0.29804   0.09412
   0.04706   0.31373   0.10980
   0.06275   0.34510   0.12549
   0.09412   0.36078   0.14118
   0.10980   0.37647   0.15686
   0.12549   0.40784   0.17255
   0.17255   0.43922   0.21961
   0.18824   0.47059   0.23529
   0.20392   0.48627   0.25098
   0.23529   0.50196   0.26667
   0.25098   0.53333   0.28235
   0.26667   0.54902   0.31373
   0.31373   0.59608   0.34510
   0.32941   0.61176   0.36078
   0.34510   0.62745   0.37647
   0.37647   0.65882   0.39216
   0.39216   0.67451   0.40784
   0.40784   0.69020   0.43922
   0.45490   0.73725   0.47059
   0.47059   0.75294   0.48627
   0.48627   0.78431   0.50196
   0.51765   0.80000   0.51765
   0.53333   0.81569   0.54902
   0.54902   0.84706   0.56471
   0.56471   0.86275   0.58039
   0.61176   0.90980   0.61176
   0.62745   0.92549   0.62745
   0.65882   0.95686   0.65882
   0.64314   0.94118   0.65882
   0.62745   0.92549   0.64314
   0.61176   0.89412   0.62745
   0.58039   0.84706   0.61176
   0.56471   0.83137   0.59608
   0.53333   0.80000   0.58039
   0.51765   0.78431   0.58039
   0.50196   0.75294   0.56471
   0.48627   0.73725   0.54902
   0.45490   0.69020   0.53333
   0.42353   0.65882   0.51765
   0.40784   0.64314   0.50196
   0.39216   0.61176   0.50196
   0.37647   0.59608   0.48627
   0.36078   0.58039   0.47059
   0.32941   0.53333   0.45490
   0.29804   0.50196   0.43922
   0.28235   0.48627   0.42353
   0.26667   0.45490   0.42353
   0.25098   0.43922   0.40784
   0.23529   0.40784   0.39216
   0.18824   0.36078   0.37647
   0.17255   0.34510   0.36078
   0.15686   0.31373   0.34510
   0.14118   0.29804   0.34510
   0.12549   0.26667   0.32941
   0.10980   0.25098   0.31373
   0.09412   0.23529   0.31373
   0.10980   0.26667   0.32941
   0.12549   0.28235   0.36078
   0.14118   0.31373   0.37647
   0.15686   0.32941   0.39216
   0.18824   0.36078   0.42353
   0.21961   0.40784   0.47059
   0.23529   0.42353   0.48627
   0.25098   0.45490   0.50196
   0.28235   0.47059   0.53333
   0.29804   0.50196   0.54902
   0.31373   0.51765   0.56471
   0.34510   0.56471   0.61176
   0.37647   0.59608   0.64314
   0.39216   0.62745   0.65882
   0.40784   0.64314   0.67451
   0.42353   0.67451   0.70588
   0.43922   0.69020   0.72157
   0.48627   0.73725   0.76863
   0.50196   0.76863   0.78431
   0.51765   0.78431   0.81569
   0.53333   0.81569   0.83137
   0.54902   0.83137   0.84706
   0.58039   0.86275   0.87843
   0.61176   0.90980   0.90980
   0.62745   0.92549   0.94118
   0.64314   0.95686   0.95686
   0.67451   0.98824   0.98824
   0.67451   0.97255   0.97255
   0.65882   0.94118   0.95686
   0.62745   0.89412   0.92549
   0.61176   0.86275   0.90980
   0.59608   0.84706   0.87843
   0.58039   0.81569   0.86275
   0.56471   0.78431   0.84706
   0.54902   0.76863   0.83137
   0.53333   0.73725   0.81569
   0.50196   0.69020   0.76863
   0.48627   0.65882   0.75294
   0.47059   0.62745   0.73725
   0.45490   0.61176   0.72157
   0.43922   0.58039   0.69020
   0.42353   0.54902   0.67451
   0.39216   0.50196   0.64314
   0.37647   0.47059   0.62745
   0.36078   0.45490   0.61176
   0.34510   0.42353   0.58039
   0.32941   0.39216   0.56471
   0.31373   0.37647   0.54902
   0.28235   0.31373   0.51765
   0.26667   0.29804   0.48627
   0.25098   0.26667   0.47059
   0.23529   0.23529   0.45490
   0.21961   0.21961   0.43922
   0.20392   0.18824   0.42353
   0.20392   0.17255   0.40784
   0.21961   0.18824   0.42353
   0.23529   0.20392   0.43922
   0.25098   0.21961   0.45490
   0.26667   0.23529   0.47059
   0.28235   0.25098   0.48627
   0.32941   0.28235   0.51765
   0.34510   0.29804   0.53333
   0.36078   0.31373   0.54902
   0.37647   0.32941   0.56471
   0.39216   0.34510   0.58039
   0.40784   0.36078   0.59608
   0.43922   0.39216   0.62745
   0.47059   0.42353   0.64314
   0.48627   0.43922   0.65882
   0.50196   0.45490   0.67451
   0.51765   0.47059   0.69020
   0.53333   0.48627   0.70588
   0.56471   0.51765   0.73725
   0.58039   0.53333   0.75294
   0.61176   0.54902   0.76863
   0.62745   0.56471   0.78431
   0.64314   0.58039   0.80000
   0.65882   0.59608   0.81569
   0.69020   0.62745   0.84706
   0.70588   0.64314   0.86275
   0.72157   0.65882   0.87843
   0.75294   0.69020   0.89412
   0.73725   0.67451   0.89412
   0.72157   0.65882   0.87843
   0.67451   0.62745   0.84706
   0.64314   0.61176   0.83137
   0.62745   0.58039   0.81569
   0.61176   0.56471   0.80000
   0.58039   0.54902   0.78431
   0.56471   0.53333   0.76863
   0.51765   0.48627   0.73725
   0.48627   0.47059   0.72157
   0.47059   0.45490   0.70588
   0.45490   0.43922   0.69020
   0.42353   0.42353   0.67451
   0.40784   0.39216   0.67451
   0.36078   0.36078   0.64314
   0.34510   0.34510   0.62745
   0.31373   0.32941   0.61176
   0.29804   0.29804   0.59608
   0.26667   0.28235   0.58039
   0.25098   0.26667   0.56471
   0.20392   0.23529   0.53333
   0.18824   0.20392   0.51765
   0.15686   0.18824   0.50196
   0.14118   0.17255   0.48627
   0.10980   0.15686   0.47059
   0.09412   0.14118   0.45490
   0.06275   0.10980   0.43922
