   0.94118   0.23529   0.00000
   0.92549   0.21961   0.00000
   0.90980   0.21961   0.00000
   0.89412   0.20392   0.00000
   0.89412   0.18824   0.00000
   0.87843   0.18824   0.00000
   0.86275   0.17255   0.00000
   0.83137   0.14118   0.00000
   0.80000   0.12549   0.00000
   0.78431   0.10980   0.00000
   0.75294   0.09412   0.00000
   0.73725   0.07843   0.00000
   0.70588   0.06275   0.00000
   0.65882   0.03137   0.00000
   0.62745   0.00000   0.00000
   0.64314   0.01569   0.00000
   0.65882   0.01569   0.00000
   0.67451   0.03137   0.00000
   0.69020   0.04706   0.00000
   0.72157   0.06275   0.00000
   0.73725   0.07843   0.00000
   0.75294   0.09412   0.00000
   0.76863   0.09412   0.00000
   0.78431   0.10980   0.00000
   0.80000   0.12549   0.00000
   0.83137   0.14118   0.00000
   0.84706   0.15686   0.00000
   0.86275   0.17255   0.00000
   0.86275   0.20392   0.00000
   0.86275   0.23529   0.00000
   0.87843   0.28235   0.00000
   0.89412   0.34510   0.00000
   0.89412   0.39216   0.00000
   0.90980   0.42353   0.00000
   0.90980   0.45490   0.00000
   0.92549   0.50196   0.00000
   0.92549   0.54902   0.00000
   0.94118   0.65882   0.00000
   0.95686   0.72157   0.00000
   0.95686   0.76863   0.00000
   0.97255   0.83137   0.00000
   0.98824   0.89412   0.00000
   0.98824   0.94118   0.00000
   0.98824   0.94118   0.00000
   0.98824   0.89412   0.00000
   0.98824   0.83137   0.00000
   0.98824   0.78431   0.00000
   0.98824   0.72157   0.00000
   0.98824   0.67451   0.00000
   0.97255   0.58039   0.00000
   0.95686   0.53333   0.00000
   0.95686   0.50196   0.00000
   0.94118   0.45490   0.00000
   0.94118   0.42353   0.00000
   0.92549   0.37647   0.00000
   0.90980   0.29804   0.00000
   0.90980   0.26667   0.00000
   0.89412   0.21961   0.00000
   0.87843   0.17255   0.00000
   0.83137   0.17255   0.03137
   0.76863   0.15686   0.06275
   0.65882   0.12549   0.12549
   0.59608   0.10980   0.15686
   0.53333   0.10980   0.18824
   0.47059   0.09412   0.21961
   0.42353   0.07843   0.25098
   0.36078   0.06275   0.28235
   0.23529   0.03137   0.34510
   0.25098   0.04706   0.40784
   0.28235   0.04706   0.43922
   0.31373   0.06275   0.48627
   0.34510   0.07843   0.51765
   0.37647   0.09412   0.56471
   0.45490   0.12549   0.64314
   0.48627   0.14118   0.69020
   0.51765   0.15686   0.73725
   0.54902   0.17255   0.76863
   0.59608   0.18824   0.81569
   0.62745   0.20392   0.86275
   0.65882   0.21961   0.89412
   0.73725   0.25098   0.98824
   0.70588   0.23529   0.97255
   0.67451   0.21961   0.95686
   0.62745   0.20392   0.94118
   0.59608   0.17255   0.92549
   0.56471   0.15686   0.90980
   0.39216   0.09412   0.65882
   0.26667   0.06275   0.43922
   0.14118   0.03137   0.21961
   0.00000   0.00000   0.00000
   0.00000   0.00000   0.00000
   0.00000   0.00000   0.00000
   0.00000   0.00000   0.00000
   0.00000   0.00000   0.00000
   0.00000   0.00000   0.00000
   0.00000   0.00000   0.00000
   0.00000   0.00000   0.00000
   0.00000   0.00000   0.00000
   0.00000   0.00000   0.00000
   0.00000   0.00000   0.00000
   0.00000   0.00000   0.00000
   0.00000   0.00000   0.00000
   0.00000   0.00000   0.00000
   0.00000   0.00000   0.00000
   0.10980   0.00000   0.00000
   0.17255   0.00000   0.00000
   0.23529   0.00000   0.00000
   0.28235   0.00000   0.00000
   0.34510   0.00000   0.00000
   0.40784   0.00000   0.00000
   0.42353   0.00000   0.00000
   0.36078   0.00000   0.00000
   0.29804   0.00000   0.00000
   0.23529   0.00000   0.00000
   0.18824   0.00000   0.00000
   0.12549   0.00000   0.00000
   0.00000   0.00000   0.00000
   0.00000   0.00000   0.00000
   0.00000   0.00000   0.00000
   0.00000   0.00000   0.00000
   0.00000   0.00000   0.00000
   0.00000   0.00000   0.00000
   0.00000   0.00000   0.00000
   0.00000   0.00000   0.00000
   0.00000   0.00000   0.00000
   0.00000   0.00000   0.00000
   0.00000   0.00000   0.00000
   0.00000   0.00000   0.00000
   0.00000   0.00000   0.00000
   0.00000   0.00000   0.00000
   0.00000   0.00000   0.00000
   0.09412   0.01569   0.17255
   0.20392   0.04706   0.34510
   0.29804   0.06275   0.51765
   0.51765   0.12549   0.87843
   0.56471   0.14118   0.90980
   0.61176   0.17255   0.95686
   0.65882   0.18824   0.97255
   0.70588   0.21961   0.98824
   0.73725   0.23529   0.98824
   0.67451   0.21961   0.90980
   0.64314   0.20392   0.87843
   0.61176   0.18824   0.83137
   0.56471   0.17255   0.78431
   0.53333   0.15686   0.75294
   0.50196   0.15686   0.70588
   0.47059   0.14118   0.65882
   0.39216   0.10980   0.58039
   0.36078   0.09412   0.53333
   0.32941   0.07843   0.50196
   0.29804   0.06275   0.45490
   0.25098   0.04706   0.40784
   0.23529   0.03137   0.34510
   0.34510   0.04706   0.28235
   0.40784   0.06275   0.25098
   0.45490   0.07843   0.21961
   0.51765   0.09412   0.18824
   0.58039   0.09412   0.15686
   0.64314   0.10980   0.12549
   0.75294   0.14118   0.06275
   0.81569   0.15686   0.03137
   0.87843   0.17255   0.00000
   0.87843   0.21961   0.00000
   0.89412   0.26667   0.00000
   0.90980   0.31373   0.00000
   0.94118   0.40784   0.00000
   0.94118   0.43922   0.00000
   0.94118   0.47059   0.00000
   0.95686   0.50196   0.00000
   0.95686   0.54902   0.00000
   0.97255   0.58039   0.00000
   0.98824   0.65882   0.00000
   0.98824   0.65882   0.00000
   0.98824   0.72157   0.00000
   0.98824   0.78431   0.00000
   0.98824   0.84706   0.00000
   0.98824   0.90980   0.00000
   0.98824   0.94118   0.00000
   0.98824   0.89412   0.00000
   0.97255   0.83137   0.00000
   0.97255   0.78431   0.00000
   0.95686   0.72157   0.00000
   0.95686   0.67451   0.00000
   0.94118   0.56471   0.00000
   0.92549   0.50196   0.00000
   0.92549   0.45490   0.00000
   0.90980   0.39216   0.00000
   0.90980   0.34510   0.00000
   0.89412   0.28235   0.00000
   0.87843   0.17255   0.00000
   0.87843   0.17255   0.00000
   0.86275   0.17255   0.00000
   0.86275   0.17255   0.00000
   0.84706   0.15686   0.00000
   0.83137   0.14118   0.00000
   0.80000   0.12549   0.00000
   0.78431   0.10980   0.00000
   0.76863   0.10980   0.00000
   0.75294   0.09412   0.00000
   0.73725   0.07843   0.00000
   0.72157   0.07843   0.00000
   0.69020   0.04706   0.00000
   0.67451   0.04706   0.00000
   0.65882   0.03137   0.00000
   0.64314   0.01569   0.00000
   0.62745   0.00000   0.00000
   0.61176   0.00000   0.00000
   0.65882   0.03137   0.00000
   0.69020   0.04706   0.00000
   0.72157   0.07843   0.00000
   0.75294   0.09412   0.00000
   0.78431   0.10980   0.00000
   0.81569   0.12549   0.00000
   0.84706   0.15686   0.00000
   0.86275   0.17255   0.00000
   0.87843   0.18824   0.00000
   0.89412   0.18824   0.00000
   0.90980   0.20392   0.00000
   0.92549   0.21961   0.00000
   0.94118   0.23529   0.00000
