   0.14118   0.07843   0.18039
   0.14510   0.08627   0.19608
   0.15294   0.09804   0.21176
   0.15686   0.10980   0.22745
   0.16471   0.12157   0.24314
   0.17255   0.13333   0.25882
   0.17647   0.14510   0.27451
   0.18431   0.15686   0.29020
   0.18824   0.16863   0.30588
   0.19608   0.17647   0.32157
   0.20392   0.18824   0.33725
   0.20784   0.20000   0.35294
   0.21569   0.21176   0.36863
   0.22353   0.22353   0.38431
   0.22745   0.23529   0.40000
   0.23529   0.24706   0.41569
   0.23922   0.25882   0.43137
   0.24706   0.27059   0.44706
   0.25490   0.27843   0.46275
   0.25882   0.29020   0.47843
   0.26667   0.30196   0.49412
   0.27059   0.31373   0.50980
   0.27843   0.32549   0.52549
   0.28627   0.33725   0.54118
   0.29020   0.34902   0.56078
   0.29804   0.36078   0.57647
   0.30588   0.36863   0.59216
   0.30980   0.38039   0.60784
   0.31765   0.39216   0.62353
   0.32549   0.40000   0.63137
   0.33333   0.40392   0.63529
   0.34118   0.40784   0.63922
   0.34902   0.41176   0.64314
   0.35686   0.41569   0.64706
   0.36471   0.41961   0.65098
   0.37255   0.42353   0.65098
   0.38039   0.42745   0.65490
   0.38824   0.43137   0.65882
   0.39608   0.43529   0.66275
   0.40392   0.43922   0.66667
   0.41176   0.44314   0.67059
   0.41961   0.44706   0.67451
   0.42745   0.45098   0.67843
   0.43529   0.45490   0.68235
   0.44314   0.45490   0.68627
   0.45098   0.45882   0.69020
   0.45882   0.46275   0.69412
   0.46667   0.46667   0.69412
   0.47451   0.47059   0.69804
   0.47451   0.46667   0.69412
   0.47059   0.46275   0.68627
   0.46275   0.45490   0.67451
   0.45882   0.44706   0.66667
   0.45490   0.44314   0.65882
   0.45098   0.43529   0.65098
   0.44706   0.42745   0.64314
   0.44314   0.42353   0.63529
   0.43922   0.41569   0.62745
   0.43529   0.40784   0.61569
   0.43137   0.40392   0.60784
   0.42745   0.39608   0.60000
   0.42353   0.39216   0.59216
   0.41961   0.38431   0.58431
   0.41569   0.37647   0.57647
   0.40784   0.37255   0.56471
   0.40392   0.36471   0.55686
   0.40000   0.35686   0.54902
   0.39608   0.35294   0.54118
   0.39216   0.34510   0.53333
   0.38824   0.34118   0.52549
   0.38431   0.33333   0.51765
   0.38039   0.32549   0.50588
   0.37647   0.32157   0.49804
   0.37255   0.31373   0.49020
   0.36863   0.30588   0.48235
   0.36471   0.30196   0.47451
   0.36078   0.29412   0.46667
   0.35686   0.29020   0.45882
   0.34902   0.28235   0.44706
   0.34902   0.27843   0.44314
   0.36471   0.29412   0.45882
   0.38431   0.30980   0.47059
   0.40000   0.32549   0.48627
   0.41569   0.34510   0.50196
   0.43529   0.36078   0.51765
   0.45098   0.37647   0.52941
   0.46667   0.39216   0.54510
   0.48235   0.40784   0.56078
   0.50196   0.42353   0.57255
   0.51765   0.43922   0.58824
   0.53333   0.45882   0.60392
   0.55294   0.47451   0.61961
   0.56863   0.49020   0.63137
   0.58431   0.50588   0.64706
   0.60392   0.52157   0.66275
   0.61961   0.53725   0.67451
   0.63529   0.55294   0.69020
   0.65098   0.57255   0.70588
   0.67059   0.58824   0.71765
   0.68627   0.60392   0.73333
   0.70196   0.61961   0.74902
   0.72157   0.63529   0.76471
   0.73725   0.65098   0.77647
   0.75294   0.66667   0.79216
   0.77255   0.68627   0.80784
   0.78824   0.70196   0.81961
   0.80392   0.71765   0.83529
   0.81961   0.73333   0.85098
   0.83922   0.74902   0.86667
   0.85490   0.76471   0.87843
   0.87059   0.78039   0.89412
   0.89020   0.80000   0.90980
   0.90588   0.81569   0.92157
   0.92157   0.83137   0.93725
   0.94118   0.84706   0.95294
   0.95686   0.86275   0.96863
   0.97255   0.87843   0.98039
   0.96863   0.86667   0.96863
   0.95686   0.85490   0.95294
   0.94902   0.84314   0.93725
   0.94118   0.82745   0.92157
   0.93333   0.81569   0.90588
   0.92549   0.80000   0.89020
   0.91765   0.78824   0.87059
   0.90588   0.77255   0.85490
   0.89804   0.76078   0.83922
   0.89020   0.74902   0.82353
   0.88235   0.73333   0.80784
   0.87451   0.72157   0.79216
   0.86667   0.70588   0.77647
   0.85882   0.69412   0.76078
   0.84706   0.68235   0.74510
   0.83922   0.66667   0.72941
   0.83137   0.65490   0.71373
   0.82353   0.63922   0.69804
   0.81569   0.62745   0.68235
   0.80784   0.61569   0.66667
   0.80000   0.60000   0.65098
   0.78824   0.58824   0.63529
   0.78039   0.57255   0.61961
   0.77255   0.56078   0.60392
   0.76471   0.54510   0.58824
   0.75686   0.53333   0.57255
   0.74902   0.52157   0.55686
   0.74118   0.50588   0.54118
   0.74118   0.50196   0.52941
   0.75294   0.50980   0.52157
   0.76078   0.51765   0.51373
   0.77255   0.52549   0.50588
   0.78431   0.52941   0.49804
   0.79608   0.53725   0.49020
   0.80392   0.54510   0.48235
   0.81569   0.55294   0.47451
   0.82745   0.55686   0.47059
   0.83529   0.56471   0.46275
   0.84706   0.57255   0.45490
   0.85882   0.58039   0.44706
   0.87059   0.58824   0.43922
   0.87843   0.59216   0.43137
   0.89020   0.60000   0.42353
   0.90196   0.60784   0.41569
   0.91373   0.61569   0.40784
   0.92157   0.61961   0.40392
   0.91765   0.61176   0.40000
   0.90980   0.60392   0.39608
   0.90196   0.59216   0.39216
   0.89804   0.58431   0.38824
   0.89020   0.57255   0.38431
   0.88235   0.56471   0.38039
   0.87451   0.55686   0.37647
   0.86667   0.54510   0.37255
   0.86275   0.53725   0.36863
   0.85490   0.52549   0.36471
   0.84706   0.51765   0.36078
   0.83922   0.50588   0.35686
   0.83529   0.49804   0.35294
   0.82745   0.49020   0.34902
   0.81961   0.47843   0.34510
   0.81176   0.47059   0.34118
   0.80392   0.45882   0.33725
   0.80000   0.45098   0.33333
   0.79216   0.43922   0.32941
   0.78431   0.43137   0.32549
   0.76863   0.41961   0.31765
   0.75686   0.40784   0.31373
   0.74118   0.39608   0.30588
   0.72941   0.38431   0.29804
   0.71373   0.37255   0.29020
   0.70196   0.36078   0.28235
   0.69020   0.34902   0.27843
   0.67451   0.33725   0.27059
   0.66275   0.32549   0.26275
   0.64706   0.31373   0.25490
   0.63529   0.30196   0.25098
   0.61961   0.29020   0.24314
   0.60784   0.27843   0.23529
   0.59216   0.26667   0.22745
   0.58039   0.25490   0.21961
   0.56471   0.24314   0.21569
   0.55294   0.23137   0.20784
   0.54118   0.21961   0.20000
   0.52549   0.20784   0.19216
   0.51373   0.20392   0.19216
   0.50588   0.20392   0.20000
   0.49804   0.20784   0.20784
   0.48627   0.20784   0.21176
   0.47843   0.21176   0.21961
   0.47059   0.21176   0.22353
   0.46275   0.21176   0.23137
   0.45098   0.21569   0.23922
   0.44314   0.21569   0.24314
   0.43529   0.21961   0.25098
   0.42353   0.21961   0.25490
   0.41569   0.22353   0.26275
   0.40784   0.22353   0.27059
   0.40000   0.22745   0.27451
   0.38824   0.22745   0.28235
   0.38039   0.23137   0.28627
   0.37255   0.23137   0.29412
   0.36471   0.23529   0.30196
