   0.35294   0.27059   0.34510
   0.36863   0.28235   0.36078
   0.38039   0.29020   0.36471
   0.39216   0.29412   0.36863
   0.40000   0.30196   0.37255
   0.40392   0.30588   0.37255
   0.40784   0.30980   0.37255
   0.41176   0.31373   0.38039
   0.41569   0.31765   0.38431
   0.42353   0.31765   0.38824
   0.43137   0.32157   0.40000
   0.43529   0.32157   0.40392
   0.43922   0.32549   0.40392
   0.44706   0.33333   0.40784
   0.45098   0.33725   0.40784
   0.45098   0.33725   0.41176
   0.45490   0.34118   0.41569
   0.45882   0.34510   0.41961
   0.46667   0.34902   0.41961
   0.47451   0.35294   0.42745
   0.47843   0.35686   0.43137
   0.48235   0.36078   0.43529
   0.49020   0.36471   0.43922
   0.49804   0.36863   0.44314
   0.50588   0.37647   0.44706
   0.52549   0.38824   0.45490
   0.54510   0.39608   0.46275
   0.56471   0.40784   0.46667
   0.58431   0.41961   0.47059
   0.60392   0.43529   0.47059
   0.62353   0.44706   0.47451
   0.64314   0.46667   0.48627
   0.65490   0.47843   0.49412
   0.66667   0.49020   0.49804
   0.67843   0.50196   0.50588
   0.69020   0.51765   0.50980
   0.69412   0.52549   0.51373
   0.70196   0.53725   0.52549
   0.70980   0.54510   0.53333
   0.71373   0.54902   0.53725
   0.71765   0.55686   0.54510
   0.72157   0.56471   0.55294
   0.72549   0.56863   0.55686
   0.73333   0.58039   0.56471
   0.73725   0.58431   0.57255
   0.74510   0.59216   0.58039
   0.74510   0.60000   0.58431
   0.74902   0.60784   0.59216
   0.75294   0.61176   0.59608
   0.76078   0.62353   0.60784
   0.76863   0.62745   0.61569
   0.76863   0.63137   0.62353
   0.77255   0.63922   0.63137
   0.77647   0.64314   0.63922
   0.78824   0.65098   0.64314
   0.80784   0.64706   0.64314
   0.83529   0.64314   0.63922
   0.85882   0.63137   0.63529
   0.87843   0.62353   0.62353
   0.89020   0.61961   0.62353
   0.89020   0.61569   0.61961
   0.88627   0.60000   0.60392
   0.88235   0.58824   0.59608
   0.87843   0.56078   0.58039
   0.87059   0.53725   0.56863
   0.85098   0.51765   0.55686
   0.82745   0.50196   0.54902
   0.80000   0.49412   0.54902
   0.79216   0.49412   0.54902
   0.79216   0.49804   0.55686
   0.80392   0.49804   0.55686
   0.81961   0.50196   0.55686
   0.83922   0.50588   0.56471
   0.85490   0.51373   0.57255
   0.85490   0.51765   0.57647
   0.85882   0.52941   0.58039
   0.85882   0.54118   0.59216
   0.85490   0.54510   0.59608
   0.85490   0.54510   0.59608
   0.85098   0.54510   0.60392
   0.83529   0.54510   0.60784
   0.82353   0.54510   0.60784
   0.81569   0.54902   0.61569
   0.80784   0.55294   0.62353
   0.80392   0.55294   0.62745
   0.79608   0.56078   0.63529
   0.78431   0.56471   0.64314
   0.78431   0.56863   0.64706
   0.78039   0.57255   0.65490
   0.78039   0.56863   0.65490
   0.77255   0.56078   0.64706
   0.76471   0.54902   0.63922
   0.75686   0.53333   0.62353
   0.75686   0.52941   0.61569
   0.76078   0.52549   0.61569
   0.76863   0.52549   0.61569
   0.77647   0.52941   0.61961
   0.78431   0.52941   0.61961
   0.79608   0.53333   0.62745
   0.80392   0.53725   0.63137
   0.80000   0.53333   0.63137
   0.79608   0.53333   0.63137
   0.79216   0.53333   0.63529
   0.78824   0.53333   0.63922
   0.78039   0.54118   0.64706
   0.75686   0.54510   0.64706
   0.73725   0.55294   0.65490
   0.72549   0.55686   0.66275
   0.71373   0.56078   0.66667
   0.69412   0.56471   0.67059
   0.69020   0.58039   0.68627
   0.68627   0.59608   0.70196
   0.69020   0.60784   0.71373
   0.70196   0.62745   0.73333
   0.71373   0.64706   0.74902
   0.71765   0.65098   0.75294
   0.72157   0.65098   0.74902
   0.72941   0.64706   0.75294
   0.72941   0.64314   0.74902
   0.72941   0.63922   0.74510
   0.72941   0.62745   0.73333
   0.72549   0.61569   0.72549
   0.71373   0.59608   0.70588
   0.71373   0.58431   0.69020
   0.70980   0.57255   0.68235
   0.70196   0.56078   0.67059
   0.68627   0.54118   0.65490
   0.67451   0.52157   0.63922
   0.66275   0.50980   0.62353
   0.65490   0.50196   0.61961
   0.65098   0.49412   0.61569
   0.64314   0.48627   0.61176
   0.64314   0.48627   0.60784
   0.63922   0.48235   0.60392
   0.63529   0.47843   0.60392
   0.62745   0.47843   0.60392
   0.62745   0.47451   0.60392
   0.62353   0.47451   0.60392
   0.61961   0.47059   0.60000
   0.61569   0.47059   0.60000
   0.61176   0.47059   0.60000
   0.60784   0.47059   0.60000
   0.60784   0.47059   0.60000
   0.60392   0.47059   0.60000
   0.60000   0.47059   0.60000
   0.59608   0.47059   0.60392
   0.59216   0.47059   0.60784
   0.58824   0.47451   0.60784
   0.58431   0.47451   0.60784
   0.58039   0.47451   0.60784
   0.58039   0.47843   0.61176
   0.58039   0.47843   0.61176
   0.57647   0.47843   0.61176
   0.57647   0.48627   0.61961
   0.57647   0.48627   0.62353
   0.57255   0.48627   0.62353
   0.57255   0.49020   0.62745
   0.57255   0.49020   0.63137
   0.56863   0.49412   0.63529
   0.57255   0.50196   0.64314
   0.57255   0.50588   0.65098
   0.57647   0.50980   0.65490
   0.57647   0.51765   0.66275
   0.58039   0.52549   0.67059
   0.58431   0.53333   0.68235
   0.60000   0.55294   0.70196
   0.60392   0.56078   0.70980
   0.60784   0.56863   0.71765
   0.61569   0.58039   0.72549
   0.61569   0.58431   0.72941
   0.61961   0.59216   0.74118
   0.62353   0.59608   0.74902
   0.62745   0.60000   0.75294
   0.63137   0.60784   0.75686
   0.63137   0.60784   0.75686
   0.63137   0.60784   0.75686
   0.62745   0.60392   0.75294
   0.62353   0.59608   0.74902
   0.61961   0.59216   0.74510
   0.61569   0.58824   0.73725
   0.60392   0.58039   0.72941
   0.60000   0.57255   0.72549
   0.59608   0.56471   0.71765
   0.58431   0.55294   0.70588
   0.57647   0.54510   0.69804
   0.57255   0.54118   0.69412
   0.56863   0.53333   0.68627
   0.56471   0.52941   0.68235
   0.55686   0.52549   0.67843
   0.54902   0.51373   0.66667
   0.54510   0.50980   0.66275
   0.54118   0.50588   0.65882
   0.53725   0.50196   0.65882
   0.53725   0.50196   0.65490
   0.53333   0.50196   0.65490
   0.52941   0.49804   0.65098
   0.52941   0.49804   0.65098
   0.53333   0.50196   0.65490
   0.53725   0.50588   0.66275
   0.53725   0.50980   0.66275
   0.53725   0.50980   0.66275
   0.52941   0.50196   0.65490
   0.52549   0.50196   0.65490
   0.52549   0.49804   0.65490
   0.52157   0.49412   0.65490
   0.52157   0.49412   0.65490
   0.52157   0.49804   0.65490
   0.51373   0.49412   0.65098
   0.51373   0.49412   0.65098
   0.50980   0.49412   0.65490
   0.50588   0.49412   0.65098
   0.50588   0.49412   0.65098
   0.50588   0.49412   0.65098
   0.50980   0.49412   0.65098
   0.50980   0.49412   0.65098
   0.50588   0.49020   0.64706
   0.49804   0.48627   0.64314
   0.49804   0.48627   0.64314
   0.49412   0.48627   0.64314
   0.49020   0.48235   0.63529
