   0.13333   0.04314   0.01961
   0.14118   0.04314   0.01961
   0.14902   0.04706   0.01961
   0.15686   0.04706   0.01961
   0.16471   0.05098   0.01961
   0.17255   0.05490   0.01961
   0.18039   0.05490   0.01961
   0.18824   0.05882   0.01961
   0.19608   0.05882   0.01961
   0.20392   0.06275   0.01961
   0.21176   0.06667   0.01961
   0.21961   0.06667   0.01961
   0.22745   0.07059   0.01961
   0.23529   0.07059   0.01961
   0.24314   0.07451   0.01961
   0.25098   0.07843   0.01961
   0.26275   0.07843   0.01961
   0.27059   0.08235   0.01961
   0.27843   0.08627   0.01961
   0.28627   0.08627   0.01961
   0.29412   0.09020   0.01961
   0.30196   0.09020   0.01961
   0.30980   0.09412   0.01961
   0.31765   0.09804   0.02353
   0.32549   0.09804   0.02353
   0.33333   0.10196   0.02353
   0.34510   0.10588   0.02353
   0.35294   0.10588   0.02353
   0.36078   0.10980   0.02353
   0.36863   0.11373   0.02353
   0.38039   0.11373   0.02353
   0.38824   0.11765   0.02353
   0.39608   0.12157   0.02353
   0.40392   0.12157   0.02353
   0.41569   0.12549   0.02353
   0.42353   0.12941   0.02353
   0.43137   0.12941   0.02353
   0.43922   0.13333   0.02353
   0.45098   0.13725   0.02353
   0.45882   0.13725   0.02353
   0.46667   0.14118   0.02353
   0.47451   0.14510   0.02353
   0.48235   0.14510   0.02353
   0.49412   0.14902   0.02353
   0.50196   0.15294   0.02745
   0.50980   0.15686   0.03137
   0.51765   0.16471   0.03529
   0.52157   0.16863   0.03922
   0.52941   0.17647   0.04314
   0.53725   0.18039   0.04706
   0.54510   0.18824   0.05098
   0.55294   0.19216   0.05490
   0.56078   0.20000   0.05490
   0.56471   0.20392   0.05882
   0.57255   0.21176   0.06275
   0.58039   0.21569   0.06667
   0.58824   0.22353   0.07059
   0.59608   0.22745   0.07451
   0.60392   0.23529   0.07843
   0.60784   0.23922   0.08235
   0.61569   0.24706   0.08627
   0.62353   0.25098   0.09020
   0.63137   0.25882   0.09412
   0.63922   0.26275   0.09804
   0.64706   0.27059   0.10196
   0.65490   0.27451   0.10588
   0.65882   0.28235   0.10980
   0.66667   0.28627   0.11373
   0.67451   0.29412   0.11765
   0.68235   0.29804   0.12157
   0.69020   0.30588   0.12549
   0.69804   0.30980   0.12941
   0.70196   0.31765   0.13333
   0.70980   0.32157   0.13725
   0.71765   0.32941   0.14118
   0.72549   0.33333   0.14510
   0.73333   0.34118   0.14902
   0.74118   0.34510   0.15294
   0.74510   0.35294   0.15686
   0.75294   0.35686   0.16078
   0.76078   0.36078   0.16471
   0.76863   0.36863   0.16863
   0.77647   0.37255   0.17255
   0.78431   0.38039   0.17647
   0.79216   0.38431   0.18039
   0.79608   0.39216   0.18431
   0.80392   0.39608   0.18824
   0.81176   0.40392   0.19216
   0.81961   0.40784   0.19608
   0.82745   0.41569   0.20000
   0.83529   0.41961   0.20392
   0.83922   0.42745   0.20392
   0.84706   0.43137   0.20784
   0.85490   0.43922   0.21176
   0.86275   0.44314   0.21569
   0.87059   0.45098   0.21961
   0.87843   0.45490   0.22353
   0.88235   0.46275   0.22745
   0.89020   0.46667   0.23137
   0.89804   0.47451   0.23529
   0.90588   0.47843   0.23922
   0.91373   0.48627   0.24314
   0.92157   0.49020   0.24706
   0.92941   0.49804   0.25098
   0.93333   0.50196   0.25490
   0.94118   0.50980   0.25882
   0.94902   0.51373   0.26275
   0.95686   0.52157   0.26667
   0.96471   0.52549   0.27059
   0.97255   0.53333   0.27451
   0.97647   0.57647   0.32941
   0.98431   0.66275   0.43922
   0.98824   0.74510   0.54902
   0.99216   0.83137   0.65882
   1.00000   0.90588   0.75686
   1.00000   0.90588   0.75686
   1.00000   0.90588   0.75686
   1.00000   0.90588   0.75686
   1.00000   0.90588   0.75686
   1.00000   0.90588   0.75686
   1.00000   0.90588   0.75686
   1.00000   0.90980   0.76078
   1.00000   0.90980   0.76078
   1.00000   0.90980   0.76078
   1.00000   0.90980   0.76078
   1.00000   0.90980   0.76078
   1.00000   0.90980   0.76078
   1.00000   0.90980   0.76471
   1.00000   0.91373   0.76471
   1.00000   0.91373   0.76471
   1.00000   0.91373   0.76471
   1.00000   0.91373   0.76471
   1.00000   0.91373   0.76471
   1.00000   0.91373   0.76863
   1.00000   0.91373   0.76863
   1.00000   0.91765   0.76863
   1.00000   0.91765   0.76863
   1.00000   0.91765   0.76863
   1.00000   0.91765   0.76863
   1.00000   0.91765   0.77255
   1.00000   0.91765   0.77255
   1.00000   0.91765   0.77255
   1.00000   0.92157   0.77255
   1.00000   0.92157   0.77255
   1.00000   0.92157   0.77255
   1.00000   0.92157   0.77647
   1.00000   0.92157   0.77647
   1.00000   0.92157   0.77647
   1.00000   0.92157   0.77647
   1.00000   0.92549   0.77647
   1.00000   0.92549   0.77647
   1.00000   0.92549   0.78039
   1.00000   0.92549   0.78039
   1.00000   0.92549   0.78039
   1.00000   0.92549   0.78039
   1.00000   0.92549   0.78039
   1.00000   0.92941   0.78039
   1.00000   0.92941   0.78039
   1.00000   0.92941   0.78431
   1.00000   0.92941   0.78431
   1.00000   0.92941   0.78431
   1.00000   0.92941   0.78431
   1.00000   0.92941   0.78431
   1.00000   0.93333   0.78431
   1.00000   0.93333   0.78824
   1.00000   0.93333   0.78824
   1.00000   0.93333   0.78824
   1.00000   0.93333   0.78824
   1.00000   0.93333   0.78824
   1.00000   0.93333   0.78824
   1.00000   0.93725   0.79216
   1.00000   0.93725   0.79216
   1.00000   0.93725   0.79216
   1.00000   0.93725   0.79216
   1.00000   0.93725   0.79216
   1.00000   0.93725   0.79216
   1.00000   0.93725   0.79608
   1.00000   0.94118   0.79608
   1.00000   0.94118   0.79608
   1.00000   0.94118   0.79608
   1.00000   0.94118   0.79608
   1.00000   0.94118   0.79608
   1.00000   0.94118   0.80000
   1.00000   0.94118   0.80000
   1.00000   0.94510   0.80000
   1.00000   0.94510   0.80000
   1.00000   0.94510   0.80000
   1.00000   0.94510   0.80000
   1.00000   0.94510   0.80000
   1.00000   0.94510   0.80392
   1.00000   0.94510   0.80392
   1.00000   0.94902   0.80392
   1.00000   0.94902   0.80392
   1.00000   0.94902   0.80392
   1.00000   0.94902   0.80392
   1.00000   0.94902   0.80784
   1.00000   0.94902   0.80784
   1.00000   0.94902   0.80784
   1.00000   0.95294   0.80784
   1.00000   0.95294   0.80784
   1.00000   0.95294   0.80784
   1.00000   0.95294   0.81176
   1.00000   0.95294   0.81176
   1.00000   0.95294   0.81176
   1.00000   0.95294   0.81176
   1.00000   0.95686   0.81176
   1.00000   0.95686   0.81176
   1.00000   0.95686   0.81569
   1.00000   0.95686   0.81569
   1.00000   0.95686   0.81569
   1.00000   0.95686   0.81569
   1.00000   0.95686   0.81569
   1.00000   0.96078   0.81569
   1.00000   0.96078   0.81961
   1.00000   0.96078   0.81961
   1.00000   0.96078   0.81961
   1.00000   0.96078   0.81961
   1.00000   0.96078   0.81961
   1.00000   0.96078   0.81961
   1.00000   0.96471   0.82353
