   0.00000   0.47451   0.21961
   0.00000   0.47451   0.21961
   0.00000   0.47451   0.21961
   0.00000   0.47451   0.21961
   0.00000   0.47451   0.21961
   0.00000   0.47451   0.21961
   0.00000   0.47451   0.21961
   0.00000   0.47451   0.21961
   0.00000   0.47451   0.21961
   0.00000   0.47451   0.21961
   0.00000   0.47451   0.21961
   0.00000   0.47451   0.21961
   0.00000   0.47451   0.21961
   0.00000   0.47451   0.21961
   0.00000   0.47451   0.21961
   0.00000   0.47451   0.21961
   0.00000   0.47451   0.21961
   0.00000   0.47451   0.21961
   0.00000   0.47451   0.21961
   0.00000   0.47451   0.21961
   0.00000   0.47451   0.21961
   0.00000   0.47451   0.21961
   0.00000   0.47451   0.21961
   0.00000   0.47451   0.21961
   0.00000   0.47451   0.21961
   0.00000   0.47451   0.21961
   0.00000   0.47451   0.21961
   0.00000   0.47451   0.21961
   0.00000   0.47451   0.21961
   0.00000   0.47451   0.21961
   0.63922   0.82745   0.58431
   0.63922   0.82745   0.58431
   0.63922   0.82745   0.58431
   0.63922   0.82745   0.58431
   0.63922   0.82745   0.58431
   0.63922   0.82745   0.58431
   0.63922   0.82745   0.58431
   0.63922   0.82745   0.58431
   0.63922   0.82745   0.58431
   0.63922   0.82745   0.58431
   0.63922   0.82745   0.58431
   0.63922   0.82745   0.58431
   0.63922   0.82745   0.58431
   0.63922   0.82745   0.58431
   0.63922   0.82745   0.58431
   0.63922   0.82745   0.58431
   0.63922   0.82745   0.58431
   0.63922   0.82745   0.58431
   0.63922   0.82745   0.58431
   0.63922   0.82745   0.58431
   0.63922   0.82745   0.58431
   0.63922   0.82745   0.58431
   0.63922   0.82745   0.58431
   0.63922   0.82745   0.58431
   0.99608   0.82745   0.66667
   0.99608   0.82745   0.66667
   0.99608   0.82745   0.66667
   0.99608   0.82745   0.66667
   0.99608   0.82745   0.66667
   0.99608   0.82745   0.66667
   0.99608   0.82745   0.66667
   0.99608   0.82745   0.66667
   0.99608   0.82745   0.66667
   0.99608   0.82745   0.66667
   0.99608   0.82745   0.66667
   0.99608   0.82745   0.66667
   0.99608   0.82745   0.66667
   0.99608   0.82745   0.66667
   0.99608   0.82745   0.66667
   0.99608   0.82745   0.66667
   0.99608   0.82745   0.66667
   0.99608   0.82745   0.66667
   0.99608   0.82745   0.66667
   0.99608   0.82745   0.66667
   0.99608   0.82745   0.66667
   0.99608   0.82745   0.66667
   0.99608   0.82745   0.66667
   0.99608   0.82745   0.66667
   0.99608   0.82745   0.66667
   0.99608   0.82745   0.66667
   0.99608   0.82745   0.66667
   0.99608   0.82745   0.66667
   0.99608   0.82745   0.66667
   0.99608   0.82745   0.66667
   0.99608   0.82745   0.66667
   0.99608   0.82745   0.66667
   0.99608   0.82745   0.66667
   0.99608   0.82745   0.66667
   0.99608   0.82745   0.66667
   0.96863   0.59608   0.41961
   0.96863   0.59608   0.41961
   0.96863   0.59608   0.41961
   0.96863   0.59608   0.41961
   0.96863   0.59608   0.41961
   0.96863   0.59608   0.41961
   0.96863   0.59608   0.41961
   0.96863   0.59608   0.41961
   0.96863   0.59608   0.41961
   0.96863   0.59608   0.41961
   0.96863   0.59608   0.41961
   0.96863   0.59608   0.41961
   0.96863   0.59608   0.41961
   0.96863   0.59608   0.41961
   0.96863   0.59608   0.41961
   0.96863   0.59608   0.41961
   0.96863   0.59608   0.41961
   0.96863   0.59608   0.41961
   0.96863   0.59608   0.41961
   0.96863   0.59608   0.41961
   0.96863   0.59608   0.41961
   0.96863   0.59608   0.41961
   0.96863   0.59608   0.41961
   0.96863   0.59608   0.41961
   0.96863   0.59608   0.41961
   0.96863   0.59608   0.41961
   0.96863   0.59608   0.41961
   0.96863   0.59608   0.41961
   0.96863   0.59608   0.41961
   0.96863   0.59608   0.41961
   0.96863   0.59608   0.41961
   0.96863   0.59608   0.41961
   0.96863   0.59608   0.41961
   0.96863   0.59608   0.41961
   0.96863   0.59608   0.41961
   0.94902   0.38039   0.13333
   0.94902   0.38039   0.13333
   0.94902   0.38039   0.13333
   0.94902   0.38039   0.13333
   0.94902   0.38039   0.13333
   0.94902   0.38039   0.13333
   0.94902   0.38039   0.13333
   0.94902   0.38039   0.13333
   0.94902   0.38039   0.13333
   0.94902   0.38039   0.13333
   0.94902   0.38039   0.13333
   0.94902   0.38039   0.13333
   0.94902   0.38039   0.13333
   0.94902   0.38039   0.13333
   0.94902   0.38039   0.13333
   0.94902   0.38039   0.13333
   0.94902   0.38039   0.13333
   0.94902   0.38039   0.13333
   0.94902   0.38039   0.13333
   0.94902   0.38039   0.13333
   0.94902   0.38039   0.13333
   0.94902   0.38039   0.13333
   0.94902   0.38039   0.13333
   0.94902   0.38039   0.13333
   0.94902   0.38039   0.13333
   0.94902   0.38039   0.13333
   0.94902   0.38039   0.13333
   0.94902   0.38039   0.13333
   0.94902   0.38039   0.13333
   0.94902   0.38039   0.13333
   0.94902   0.38039   0.13333
   0.94902   0.38039   0.13333
   0.94902   0.38039   0.13333
   0.94902   0.38039   0.13333
   0.94902   0.38039   0.13333
   0.67059   0.26667   0.07059
   0.67059   0.26667   0.07059
   0.67059   0.26667   0.07059
   0.67059   0.26667   0.07059
   0.67059   0.26667   0.07059
   0.67059   0.26667   0.07059
   0.67059   0.26667   0.07059
   0.67059   0.26667   0.07059
   0.67059   0.26667   0.07059
   0.67059   0.26667   0.07059
   0.67059   0.26667   0.07059
   0.67059   0.26667   0.07059
   0.67059   0.26667   0.07059
   0.67059   0.26667   0.07059
   0.67059   0.26667   0.07059
   0.67059   0.26667   0.07059
   0.67059   0.26667   0.07059
   0.67059   0.26667   0.07059
   0.67059   0.26667   0.07059
   0.67059   0.26667   0.07059
   0.67059   0.26667   0.07059
   0.67059   0.26667   0.07059
   0.67059   0.26667   0.07059
   0.67059   0.26667   0.07059
   0.67059   0.26667   0.07059
   0.67059   0.26667   0.07059
   0.67059   0.26667   0.07059
   0.67059   0.26667   0.07059
   0.67059   0.26667   0.07059
   0.67059   0.26667   0.07059
   0.67059   0.26667   0.07059
   0.67059   0.26667   0.07059
   0.67059   0.26667   0.07059
   0.67059   0.26667   0.07059
   0.67059   0.26667   0.07059
   0.67059   0.26667   0.07059
   0.67059   0.26667   0.07059
   0.67059   0.26667   0.07059
   0.67059   0.26667   0.07059
   0.67059   0.26667   0.07059
   0.67059   0.26667   0.07059
   0.67059   0.26667   0.07059
   0.67059   0.26667   0.07059
   0.67059   0.26667   0.07059
   0.67059   0.26667   0.07059
   0.67059   0.26667   0.07059
   0.67059   0.26667   0.07059
   0.92941   0.10980   0.14118
   0.92941   0.10980   0.14118
   0.92941   0.10980   0.14118
   0.92941   0.10980   0.14118
   0.92941   0.10980   0.14118
   0.92941   0.10980   0.14118
   0.92941   0.10980   0.14118
   0.92941   0.10980   0.14118
   0.92941   0.10980   0.14118
   0.92941   0.10980   0.14118
   0.92941   0.10980   0.14118
   0.92941   0.10980   0.14118
   0.92941   0.10980   0.14118
   0.92941   0.10980   0.14118
