   0.51373   0.23529   0.25098
   0.73333   0.37255   0.31373
   0.81569   0.41961   0.30980
   0.87059   0.45098   0.30196
   0.92157   0.48235   0.29412
   0.96078   0.51373   0.29412
   0.97647   0.54902   0.29804
   0.98431   0.56078   0.29412
   0.98824   0.59608   0.29412
   0.99216   0.69412   0.30980
   0.99216   0.78039   0.32941
   0.98824   0.74510   0.30196
   0.98431   0.67843   0.30196
   0.98824   0.65098   0.33333
   0.98824   0.62353   0.33725
   0.99216   0.62745   0.36078
   0.99216   0.63529   0.37255
   0.99216   0.64314   0.38039
   0.99216   0.65098   0.38431
   0.99216   0.66667   0.39216
   0.99216   0.68235   0.39216
   0.99216   0.71765   0.38431
   0.99216   0.76471   0.36863
   0.99216   0.79608   0.34902
   0.99216   0.77647   0.33333
   0.98039   0.68235   0.30588
   0.97255   0.58039   0.29412
   0.96471   0.54902   0.31373
   0.95686   0.55686   0.32941
   0.95686   0.56471   0.32941
   0.96471   0.56078   0.32157
   0.98431   0.56078   0.30980
   0.99216   0.61176   0.31373
   0.99216   0.67451   0.31765
   0.99216   0.70980   0.31373
   0.99216   0.71765   0.31373
   0.98824   0.67059   0.30588
   0.97647   0.60392   0.30980
   0.96471   0.55686   0.31373
   0.95294   0.52941   0.32941
   0.94118   0.51373   0.34118
   0.90980   0.48235   0.34118
   0.89020   0.46667   0.35294
   0.89412   0.46667   0.36078
   0.91765   0.48235   0.36078
   0.94902   0.50588   0.35686
   0.97647   0.53725   0.35294
   0.98824   0.56863   0.34510
   0.99216   0.58824   0.33725
   0.99608   0.60000   0.32941
   0.99608   0.60784   0.32941
   0.99608   0.60784   0.33333
   0.99608   0.59608   0.33725
   0.99216   0.57255   0.33725
   0.99216   0.55294   0.35294
   0.97255   0.52941   0.37255
   0.92941   0.51765   0.40392
   0.89412   0.52941   0.45098
   0.85882   0.54510   0.48627
   0.81176   0.52941   0.48235
   0.76863   0.49412   0.46275
   0.74118   0.45882   0.45098
   0.72549   0.45490   0.45098
   0.72157   0.45882   0.46275
   0.72549   0.47451   0.48627
   0.72941   0.48235   0.49412
   0.72157   0.48235   0.49020
   0.71765   0.47059   0.47843
   0.69804   0.44706   0.46275
   0.67059   0.42353   0.45098
   0.65882   0.41961   0.45882
   0.65490   0.42745   0.47059
   0.65490   0.44706   0.49804
   0.66667   0.47843   0.53333
   0.67451   0.50980   0.57255
   0.72157   0.59608   0.65882
   0.77255   0.68627   0.72941
   0.78824   0.71373   0.74902
   0.81176   0.73725   0.76863
   0.84706   0.77647   0.80000
   0.86667   0.79216   0.80784
   0.86667   0.77647   0.78824
   0.84706   0.73725   0.74510
   0.81961   0.68627   0.70196
   0.80392   0.65490   0.67843
   0.77647   0.62745   0.65490
   0.74902   0.60784   0.63922
   0.70980   0.56471   0.60392
   0.67059   0.52549   0.58431
   0.67843   0.56078   0.63529
   0.69412   0.60784   0.67059
   0.68235   0.61176   0.67059
   0.66275   0.58824   0.65490
   0.64706   0.58824   0.67059
   0.68235   0.65098   0.74118
   0.72157   0.72157   0.80392
   0.73725   0.75294   0.82745
   0.73725   0.76078   0.83137
   0.72941   0.75294   0.81961
   0.72549   0.74510   0.81176
   0.72157   0.72941   0.79608
   0.71765   0.71373   0.78039
   0.71765   0.70196   0.76863
   0.72157   0.69412   0.76078
   0.72941   0.68235   0.74902
   0.73333   0.67451   0.74118
   0.72941   0.66275   0.72941
   0.72941   0.65098   0.72157
   0.72941   0.64706   0.71765
   0.73725   0.64706   0.71765
   0.76078   0.65098   0.72549
   0.78824   0.65882   0.72549
   0.81569   0.66275   0.72157
   0.83922   0.66667   0.71373
   0.84706   0.65882   0.70588
   0.85098   0.65098   0.69804
   0.83922   0.63922   0.68627
   0.82353   0.63137   0.68627
   0.80392   0.62353   0.68235
   0.78039   0.61569   0.67843
   0.75686   0.61176   0.67843
   0.74118   0.60392   0.67451
   0.72157   0.59216   0.67059
   0.70980   0.58431   0.66667
   0.69020   0.58039   0.65882
   0.67451   0.56863   0.65098
   0.64706   0.55686   0.64706
   0.61961   0.54902   0.64314
   0.59608   0.53725   0.63529
   0.58039   0.53725   0.63529
   0.57255   0.53725   0.63529
   0.56471   0.53725   0.64314
   0.55686   0.54510   0.65098
   0.55294   0.55294   0.65882
   0.54510   0.56471   0.67451
   0.53725   0.56863   0.68627
   0.53333   0.57647   0.69412
   0.53333   0.58431   0.70588
   0.52941   0.58824   0.71373
   0.52549   0.59216   0.72157
   0.52549   0.60000   0.72941
   0.52157   0.60392   0.73333
   0.52157   0.60392   0.73725
   0.52549   0.61176   0.74118
   0.52549   0.61569   0.75294
   0.52941   0.61961   0.76471
   0.52941   0.62745   0.77647
   0.54118   0.63922   0.78824
   0.54118   0.64314   0.79216
   0.54510   0.64706   0.80000
   0.54902   0.65490   0.80784
   0.55294   0.66275   0.81961
   0.55294   0.66667   0.82353
   0.56078   0.67451   0.83529
   0.56078   0.67843   0.83922
   0.56078   0.68235   0.84314
   0.56078   0.68627   0.85098
   0.56471   0.69020   0.85490
   0.56471   0.69020   0.85882
   0.56863   0.69804   0.86275
   0.56863   0.69804   0.86275
   0.56863   0.69804   0.86667
   0.56471   0.69804   0.86667
   0.56471   0.69412   0.86275
   0.56078   0.69412   0.86275
   0.55686   0.68627   0.85490
   0.55294   0.68235   0.85490
   0.54902   0.68235   0.85098
   0.54902   0.68235   0.84706
   0.54902   0.67843   0.84314
   0.54118   0.67451   0.84314
   0.53725   0.67059   0.83922
   0.53333   0.66667   0.83529
   0.53333   0.66275   0.83529
   0.52941   0.66275   0.83529
   0.52549   0.66275   0.83529
   0.52549   0.66275   0.83529
   0.52549   0.66275   0.83922
   0.52941   0.66667   0.84314
   0.52941   0.67059   0.84706
   0.52941   0.67451   0.85098
   0.52941   0.67843   0.85490
   0.52941   0.67843   0.85882
   0.52549   0.67843   0.85882
   0.52549   0.67843   0.85882
   0.52549   0.67843   0.85882
   0.52549   0.67843   0.85882
   0.52157   0.67451   0.85490
   0.52157   0.67451   0.85490
   0.51765   0.67059   0.85490
   0.51765   0.67059   0.85490
   0.51765   0.67451   0.85882
   0.51373   0.67451   0.85882
   0.51373   0.67451   0.85882
   0.51373   0.67059   0.85882
   0.51373   0.67059   0.85882
   0.51373   0.67059   0.85882
   0.51373   0.67059   0.85882
   0.51373   0.67059   0.86275
   0.50980   0.67059   0.86275
   0.50588   0.67059   0.86275
   0.50588   0.67059   0.86275
   0.50588   0.67059   0.86275
   0.50588   0.67059   0.85882
   0.50196   0.67059   0.85882
   0.50196   0.67059   0.85882
   0.50196   0.67059   0.86275
   0.50196   0.67059   0.86275
   0.50196   0.67059   0.86275
   0.49804   0.67059   0.86275
   0.49804   0.67059   0.86275
   0.49804   0.67059   0.86275
   0.49804   0.67059   0.86275
   0.49412   0.66667   0.86275
   0.49412   0.66667   0.86275
   0.49412   0.66667   0.86275
   0.49412   0.66667   0.86275
   0.49020   0.66275   0.86275
   0.49020   0.66275   0.86275
   0.49020   0.66275   0.86275
