   0.39216   0.70588   0.70588
   0.39216   0.70588   0.70588
   0.40784   0.72157   0.72157
   0.42353   0.72157   0.72157
   0.42353   0.73725   0.73725
   0.43922   0.75294   0.75294
   0.45490   0.75294   0.75294
   0.47059   0.78431   0.78431
   0.48627   0.78431   0.78431
   0.48627   0.80000   0.80000
   0.50196   0.80000   0.80000
   0.51765   0.81569   0.81569
   0.51765   0.83137   0.83137
   0.54902   0.84706   0.84706
   0.56471   0.86275   0.86275
   0.58039   0.86275   0.86275
   0.59608   0.86275   0.86275
   0.61176   0.86275   0.86275
   0.62745   0.87843   0.86275
   0.65882   0.87843   0.84706
   0.67451   0.89412   0.84706
   0.69020   0.89412   0.84706
   0.70588   0.89412   0.84706
   0.72157   0.89412   0.84706
   0.73725   0.90980   0.83137
   0.76863   0.90980   0.83137
   0.78431   0.92549   0.83137
   0.80000   0.92549   0.83137
   0.81569   0.92549   0.83137
   0.83137   0.94118   0.81569
   0.84706   0.94118   0.81569
   0.87843   0.94118   0.81569
   0.89412   0.95686   0.81569
   0.90980   0.95686   0.80000
   0.92549   0.95686   0.80000
   0.94118   0.97255   0.80000
   0.95686   0.97255   0.80000
   0.98824   0.98824   0.78431
   0.98824   0.97255   0.70588
   0.98824   0.95686   0.62745
   0.98824   0.92549   0.54902
   0.98824   0.90980   0.47059
   0.97255   0.89412   0.47059
   0.94118   0.83137   0.43922
   0.92549   0.80000   0.42353
   0.90980   0.78431   0.42353
   0.87843   0.75294   0.40784
   0.86275   0.72157   0.39216
   0.84706   0.69020   0.37647
   0.81569   0.64314   0.36078
   0.80000   0.61176   0.34510
   0.76863   0.58039   0.32941
   0.75294   0.54902   0.31373
   0.73725   0.51765   0.29804
   0.72157   0.50196   0.29804
   0.69020   0.43922   0.26667
   0.65882   0.40784   0.25098
   0.64314   0.37647   0.23529
   0.62745   0.36078   0.23529
   0.61176   0.32941   0.21961
   0.59608   0.29804   0.20392
   0.54902   0.23529   0.17255
   0.53333   0.21961   0.17255
   0.51765   0.18824   0.15686
   0.50196   0.15686   0.14118
   0.48627   0.12549   0.12549
   0.45490   0.09412   0.10980
   0.47059   0.15686   0.14118
   0.53333   0.23529   0.15686
   0.59608   0.31373   0.17255
   0.64314   0.36078   0.18824
   0.67451   0.40784   0.20392
   0.72157   0.47059   0.21961
   0.80000   0.56471   0.26667
   0.83137   0.62745   0.28235
   0.87843   0.67451   0.29804
   0.90980   0.72157   0.32941
   0.95686   0.78431   0.34510
   0.98824   0.83137   0.36078
   0.92549   0.81569   0.39216
   0.80000   0.78431   0.45490
   0.73725   0.78431   0.48627
   0.65882   0.76863   0.50196
   0.59608   0.75294   0.53333
   0.53333   0.73725   0.56471
   0.47059   0.72157   0.59608
   0.43922   0.67451   0.53333
   0.42353   0.65882   0.48627
   0.40784   0.62745   0.45490
   0.37647   0.61176   0.42353
   0.36078   0.58039   0.39216
   0.34510   0.56471   0.36078
   0.31373   0.51765   0.28235
   0.29804   0.48627   0.25098
   0.28235   0.47059   0.21961
   0.26667   0.43922   0.18824
   0.23529   0.42353   0.15686
   0.21961   0.39216   0.10980
   0.18824   0.34510   0.04706
   0.15686   0.31373   0.00000
   0.17255   0.29804   0.00000
   0.18824   0.28235   0.00000
   0.21961   0.26667   0.00000
   0.23529   0.25098   0.00000
   0.26667   0.21961   0.00000
   0.29804   0.20392   0.00000
   0.31373   0.18824   0.00000
   0.32941   0.15686   0.00000
   0.34510   0.14118   0.00000
   0.37647   0.12549   0.00000
   0.40784   0.09412   0.00000
   0.42353   0.07843   0.00000
   0.45490   0.06275   0.00000
   0.47059   0.04706   0.00000
   0.50196   0.07843   0.04706
   0.53333   0.12549   0.09412
   0.59608   0.18824   0.20392
   0.61176   0.21961   0.25098
   0.64314   0.25098   0.29804
   0.67451   0.29804   0.34510
   0.70588   0.32941   0.40784
   0.73725   0.37647   0.45490
   0.80000   0.45490   0.56471
   0.83137   0.50196   0.61176
   0.86275   0.53333   0.67451
   0.89412   0.58039   0.72157
   0.94118   0.62745   0.78431
   0.90980   0.59608   0.75294
   0.83137   0.51765   0.69020
   0.78431   0.47059   0.67451
   0.75294   0.43922   0.64314
   0.70588   0.39216   0.61176
   0.67451   0.36078   0.58039
   0.62745   0.31373   0.54902
   0.54902   0.23529   0.48627
   0.51765   0.20392   0.45490
   0.56471   0.29804   0.48627
   0.62745   0.40784   0.51765
   0.69020   0.51765   0.54902
   0.75294   0.61176   0.59608
   0.87843   0.83137   0.65882
   0.94118   0.94118   0.70588
   0.94118   0.94118   0.67451
   0.95686   0.92549   0.62745
   0.95686   0.90980   0.59608
   0.97255   0.89412   0.54902
   0.97255   0.87843   0.51765
   0.97255   0.86275   0.47059
   0.95686   0.84706   0.45490
   0.94118   0.84706   0.43922
   0.92549   0.83137   0.43922
   0.90980   0.81569   0.42353
   0.89412   0.81569   0.40784
   0.84706   0.78431   0.39216
   0.83137   0.78431   0.37647
   0.81569   0.76863   0.37647
   0.80000   0.75294   0.36078
   0.78431   0.75294   0.34510
   0.76863   0.73725   0.32941
   0.72157   0.72157   0.31373
   0.70588   0.70588   0.29804
   0.69020   0.70588   0.29804
   0.67451   0.69020   0.28235
   0.65882   0.67451   0.26667
   0.64314   0.67451   0.26667
   0.59608   0.64314   0.23529
   0.58039   0.64314   0.23529
   0.56471   0.62745   0.21961
   0.54902   0.62745   0.20392
   0.53333   0.61176   0.18824
   0.51765   0.59608   0.18824
   0.47059   0.58039   0.15686
   0.45490   0.56471   0.15686
   0.43922   0.56471   0.14118
   0.42353   0.54902   0.12549
   0.40784   0.53333   0.12549
   0.39216   0.53333   0.10980
   0.34510   0.50196   0.07843
   0.34510   0.50196   0.07843
   0.34510   0.50196   0.07843
   0.34510   0.48627   0.07843
   0.32941   0.48627   0.07843
   0.32941   0.47059   0.07843
   0.32941   0.47059   0.09412
   0.31373   0.45490   0.09412
   0.31373   0.45490   0.09412
   0.31373   0.43922   0.09412
   0.29804   0.43922   0.10980
   0.29804   0.43922   0.10980
   0.29804   0.42353   0.10980
   0.28235   0.40784   0.10980
   0.28235   0.40784   0.12549
   0.28235   0.40784   0.12549
   0.26667   0.39216   0.12549
   0.26667   0.39216   0.12549
   0.26667   0.37647   0.12549
   0.25098   0.37647   0.14118
   0.25098   0.36078   0.14118
   0.25098   0.36078   0.14118
   0.23529   0.34510   0.14118
   0.23529   0.34510   0.14118
   0.23529   0.32941   0.15686
   0.21961   0.32941   0.15686
   0.21961   0.31373   0.15686
   0.21961   0.31373   0.15686
   0.20392   0.29804   0.17255
   0.23529   0.29804   0.15686
   0.26667   0.29804   0.15686
   0.28235   0.29804   0.15686
   0.29804   0.29804   0.15686
   0.31373   0.28235   0.15686
   0.32941   0.28235   0.15686
   0.34510   0.28235   0.15686
   0.37647   0.28235   0.15686
   0.39216   0.26667   0.15686
   0.40784   0.26667   0.15686
   0.42353   0.26667   0.15686
   0.43922   0.26667   0.15686
   0.45490   0.26667   0.15686
   0.47059   0.25098   0.17255
