   0.42745   0.89020   1.00000
   0.68627   0.94118   1.00000
   1.00000   0.76863   0.88627
   1.00000   0.60000   0.80000
   1.00000   0.00000   1.00000
   0.50196   0.00000   0.50196
   0.00000   0.00000   0.50196
   0.27451   0.27451   1.00000
   0.20000   0.40000   1.00000
   0.52157   0.63529   1.00000
   1.00000   1.00000   1.00000
   0.80000   0.80000   0.80000
   0.70196   0.70196   0.70196
   0.60000   0.60000   0.60000
   0.37647   0.37647   0.37647
   0.50196   0.50196   0.00000
   0.00000   0.36078   0.00000
   0.00000   0.50196   0.00000
   0.20000   0.60000   0.40000
   0.61569   0.83529   0.00000
   0.83137   1.00000   0.35686
   1.00000   1.00000   0.00000
   1.00000   0.72157   0.43922
   1.00000   0.60000   0.00000
   1.00000   0.40000   0.00000
   1.00000   0.00000   0.00000
   0.73725   0.29412   0.00000
   0.67059   0.00000   0.21961
   0.50196   0.00000   0.00000
   0.63922   0.43922   1.00000
