   0.00000   0.00000   0.00000
   0.00000   0.00000   0.00000
   0.00000   0.00000   0.00000
   0.00000   0.00000   0.00000
   0.00000   0.00000   0.00000
   0.00000   0.00000   0.00000
   0.00000   0.00000   0.00000
   0.00000   0.00000   0.00000
   0.00000   0.00000   0.00000
   0.00000   0.00000   0.00000
   0.03529   0.00000   0.05490
   0.06667   0.00000   0.10588
   0.10196   0.00000   0.16078
   0.13725   0.00000   0.21176
   0.17255   0.00000   0.26667
   0.20392   0.00000   0.32157
   0.23922   0.00000   0.37255
   0.27451   0.00000   0.42745
   0.30588   0.00000   0.47843
   0.34118   0.00000   0.53333
   0.34118   0.00000   0.53333
   0.34118   0.00000   0.53333
   0.34118   0.00000   0.53333
   0.34118   0.00000   0.53333
   0.34118   0.00000   0.53333
   0.34118   0.00000   0.53333
   0.34118   0.00000   0.53333
   0.34118   0.00000   0.53333
   0.34118   0.00000   0.53333
   0.34118   0.00000   0.53333
   0.34118   0.00000   0.53333
   0.34118   0.00000   0.53333
   0.34118   0.00000   0.53333
   0.34118   0.00000   0.53333
   0.34118   0.00000   0.53333
   0.34118   0.00000   0.53333
   0.34118   0.00000   0.53333
   0.34118   0.00000   0.53333
   0.34118   0.00000   0.53333
   0.34118   0.00000   0.53333
   0.34118   0.00000   0.53333
   0.34118   0.00000   0.53333
   0.34118   0.00000   0.53333
   0.34118   0.00000   0.53333
   0.32549   0.03529   0.50980
   0.30980   0.06667   0.48627
   0.29804   0.10196   0.46667
   0.28235   0.13333   0.44314
   0.26667   0.16863   0.41961
   0.25098   0.20000   0.39608
   0.23922   0.23529   0.37647
   0.22353   0.26667   0.35294
   0.20784   0.30196   0.32941
   0.19216   0.33333   0.30588
   0.18039   0.36863   0.28627
   0.16471   0.40000   0.26275
   0.14902   0.43529   0.23922
   0.13333   0.46667   0.21569
   0.12157   0.50196   0.19608
   0.10588   0.53333   0.17255
   0.09020   0.56863   0.14902
   0.07451   0.60000   0.12549
   0.06275   0.63529   0.10588
   0.04706   0.66667   0.08235
   0.03137   0.70196   0.05882
   0.03137   0.70196   0.05882
   0.03137   0.70196   0.05882
   0.03137   0.70196   0.05882
   0.03137   0.70196   0.05882
   0.03137   0.70196   0.05882
   0.03137   0.70196   0.05882
   0.03137   0.70196   0.05882
   0.03137   0.70196   0.05882
   0.03137   0.70196   0.05882
   0.08235   0.71765   0.05490
   0.13333   0.73333   0.05098
   0.18431   0.74902   0.05098
   0.23529   0.76471   0.04706
   0.28627   0.78039   0.04314
   0.33725   0.79608   0.03922
   0.38824   0.81176   0.03529
   0.43922   0.82745   0.03529
   0.49020   0.84314   0.03137
   0.54118   0.85882   0.02745
   0.59216   0.87451   0.02353
   0.64314   0.89020   0.02353
   0.69412   0.90588   0.01961
   0.74510   0.92157   0.01569
   0.79608   0.93725   0.01176
   0.84706   0.95294   0.00784
   0.89804   0.96863   0.00784
   0.94902   0.98431   0.00392
   1.00000   1.00000   0.00000
   1.00000   1.00000   0.00000
   1.00000   1.00000   0.00000
   1.00000   1.00000   0.00000
   1.00000   1.00000   0.00000
   1.00000   1.00000   0.00000
   1.00000   1.00000   0.00000
   1.00000   1.00000   0.00000
   1.00000   1.00000   0.00000
   1.00000   0.97647   0.00000
   1.00000   0.95294   0.00000
   1.00000   0.92941   0.00000
   1.00000   0.90588   0.00000
   1.00000   0.88235   0.00000
   1.00000   0.85882   0.00000
   1.00000   0.83529   0.00000
   1.00000   0.80784   0.00000
   1.00000   0.78431   0.00000
   1.00000   0.76078   0.00000
   1.00000   0.73725   0.00000
   1.00000   0.71373   0.00000
   1.00000   0.69020   0.00000
   1.00000   0.66667   0.00000
   1.00000   0.64314   0.00000
   1.00000   0.61961   0.00000
   1.00000   0.59608   0.00000
   1.00000   0.57255   0.00000
   1.00000   0.54902   0.00000
   1.00000   0.52549   0.00000
   1.00000   0.50196   0.00000
   1.00000   0.47451   0.00000
   1.00000   0.45098   0.00000
   1.00000   0.42745   0.00000
   1.00000   0.40392   0.00000
   1.00000   0.38039   0.00000
   1.00000   0.35686   0.00000
   1.00000   0.33333   0.00000
   1.00000   0.30980   0.00000
   1.00000   0.28627   0.00000
   1.00000   0.26275   0.00000
   1.00000   0.23922   0.00000
   1.00000   0.21569   0.00000
   1.00000   0.19216   0.00000
   1.00000   0.16863   0.00000
   1.00000   0.14118   0.00000
   1.00000   0.11765   0.00000
   1.00000   0.09412   0.00000
   1.00000   0.07059   0.00000
   1.00000   0.04706   0.00000
   1.00000   0.02353   0.00000
   1.00000   0.00000   0.00000
   1.00000   0.00000   0.00000
   1.00000   0.00000   0.00000
   1.00000   0.00000   0.00000
   1.00000   0.00000   0.00000
   1.00000   0.00000   0.00000
   1.00000   0.00000   0.00000
   1.00000   0.00000   0.00000
   1.00000   0.00000   0.00000
   1.00000   0.00000   0.00000
   1.00000   0.00000   0.00000
   1.00000   0.00000   0.00000
   1.00000   0.00000   0.00000
   1.00000   0.00000   0.00000
   1.00000   0.00000   0.00000
   0.99608   0.03137   0.09412
   0.98824   0.06275   0.18824
   0.98431   0.09412   0.28235
   0.97647   0.12549   0.37647
   0.97255   0.15686   0.47059
   0.96471   0.18824   0.56471
   0.96078   0.21961   0.65882
   0.95294   0.25098   0.75294
   0.94902   0.28235   0.84706
   0.94118   0.31373   0.94118
   0.94118   0.31373   0.94118
   0.94118   0.31373   0.94118
   0.94118   0.31373   0.94118
   0.94118   0.31373   0.94118
   0.94118   0.31373   0.94118
   0.94118   0.31373   0.94118
   0.94118   0.31373   0.94118
   0.94118   0.31373   0.94118
   0.94118   0.31373   0.94118
   0.94510   0.34118   0.94510
   0.94510   0.37255   0.94510
   0.94902   0.40000   0.94902
   0.95294   0.42745   0.95294
   0.95294   0.45490   0.95294
   0.95686   0.48627   0.95686
   0.95686   0.51373   0.95686
   0.96078   0.54118   0.96078
   0.96471   0.57255   0.96471
   0.96471   0.60000   0.96471
   0.96863   0.62745   0.96863
   0.97255   0.65882   0.97255
   0.97255   0.68627   0.97255
   0.97647   0.71373   0.97647
   0.97647   0.74118   0.97647
   0.98039   0.77255   0.98039
   0.98431   0.80000   0.98431
   0.98431   0.82745   0.98431
   0.98824   0.85882   0.98824
   0.99216   0.88627   0.99216
   0.99216   0.91373   0.99216
   0.99608   0.94118   0.99608
   0.99608   0.97255   0.99608
   1.00000   1.00000   1.00000
