   0.00000   0.00000   0.00000
   0.00000   0.00000   0.00000
   0.00000   0.00000   0.00000
   0.00000   0.00000   0.00000
   0.00000   0.00000   0.00000
   0.00000   0.00000   0.00000
   0.00000   0.00000   0.00000
   0.00000   0.00000   0.00000
   0.00000   0.00000   0.00000
   0.00000   0.00000   0.00000
   0.00000   0.00000   0.00000
   0.00000   0.00000   0.00000
   0.00000   0.00000   0.00000
   0.03922   0.00000   0.05882
   0.07451   0.00000   0.11765
   0.11373   0.00000   0.17647
   0.15294   0.00000   0.23529
   0.18824   0.00000   0.29804
   0.22745   0.00000   0.35686
   0.26667   0.00000   0.41569
   0.30196   0.00000   0.47451
   0.34118   0.00000   0.53333
   0.34118   0.00000   0.53333
   0.34118   0.00000   0.53333
   0.34118   0.00000   0.53333
   0.34118   0.00000   0.53333
   0.34118   0.00000   0.53333
   0.34118   0.00000   0.53333
   0.34118   0.00000   0.53333
   0.34118   0.00000   0.53333
   0.34118   0.00000   0.53333
   0.34118   0.00000   0.53333
   0.34118   0.00000   0.53333
   0.34118   0.00000   0.53333
   0.34118   0.00000   0.53333
   0.34118   0.00000   0.53333
   0.34118   0.00000   0.53333
   0.34118   0.00000   0.53333
   0.34118   0.00000   0.53333
   0.34118   0.00000   0.53333
   0.34118   0.00000   0.53333
   0.34118   0.00000   0.53333
   0.34118   0.00000   0.53333
   0.34118   0.00000   0.53333
   0.34118   0.00000   0.53333
   0.34118   0.00000   0.53333
   0.33333   0.01961   0.52157
   0.32549   0.03922   0.50588
   0.31373   0.05882   0.49412
   0.30588   0.07843   0.48235
   0.29804   0.09804   0.46667
   0.29020   0.11765   0.45490
   0.28235   0.13725   0.43922
   0.27059   0.15686   0.42745
   0.26275   0.17647   0.41569
   0.25490   0.19608   0.40000
   0.24706   0.21569   0.38824
   0.23922   0.23529   0.37647
   0.22745   0.25490   0.36078
   0.21961   0.27451   0.34902
   0.21176   0.29412   0.33725
   0.20392   0.31373   0.32157
   0.19608   0.33333   0.30980
   0.18824   0.35294   0.29804
   0.17647   0.36863   0.28235
   0.16863   0.38824   0.27059
   0.16078   0.40784   0.25490
   0.15294   0.42745   0.24314
   0.14510   0.44706   0.23137
   0.13333   0.46667   0.21569
   0.12549   0.48627   0.20392
   0.11765   0.50588   0.19216
   0.10980   0.52549   0.17647
   0.10196   0.54510   0.16471
   0.09020   0.56471   0.15294
   0.08235   0.58431   0.13725
   0.07451   0.60392   0.12549
   0.06667   0.62353   0.10980
   0.05882   0.64314   0.09804
   0.04706   0.66275   0.08627
   0.03922   0.68235   0.07059
   0.03137   0.70196   0.05882
   0.03137   0.70196   0.05882
   0.03137   0.70196   0.05882
   0.03137   0.70196   0.05882
   0.03137   0.70196   0.05882
   0.03137   0.70196   0.05882
   0.03137   0.70196   0.05882
   0.03137   0.70196   0.05882
   0.03137   0.70196   0.05882
   0.03137   0.70196   0.05882
   0.03137   0.70196   0.05882
   0.03137   0.70196   0.05882
   0.05882   0.70980   0.05882
   0.08627   0.71765   0.05490
   0.11373   0.72549   0.05490
   0.13725   0.73333   0.05098
   0.16471   0.74510   0.05098
   0.19216   0.75294   0.05098
   0.21961   0.76078   0.04706
   0.24706   0.76863   0.04706
   0.27451   0.77647   0.04314
   0.30196   0.78431   0.04314
   0.32549   0.79216   0.03922
   0.35294   0.80000   0.03922
   0.38039   0.80784   0.03922
   0.40784   0.81961   0.03529
   0.43529   0.82745   0.03529
   0.46275   0.83529   0.03137
   0.49020   0.84314   0.03137
   0.51765   0.85098   0.03137
   0.54118   0.85882   0.02745
   0.56863   0.86667   0.02745
   0.59608   0.87451   0.02353
   0.62353   0.88235   0.02353
   0.65098   0.89412   0.01961
   0.67843   0.90196   0.01961
   0.70588   0.90980   0.01961
   0.72941   0.91765   0.01569
   0.75686   0.92549   0.01569
   0.78431   0.93333   0.01176
   0.81176   0.94118   0.01176
   0.83922   0.94902   0.01176
   0.86667   0.95686   0.00784
   0.89412   0.96863   0.00784
   0.91765   0.97647   0.00392
   0.94510   0.98431   0.00392
   0.97255   0.99216   0.00000
   1.00000   1.00000   0.00000
   1.00000   1.00000   0.00000
   1.00000   1.00000   0.00000
   1.00000   0.96471   0.00000
   1.00000   0.92941   0.00000
   1.00000   0.89804   0.00000
   1.00000   0.86275   0.00000
   1.00000   0.82745   0.00000
   1.00000   0.79216   0.00000
   1.00000   0.75686   0.00000
   1.00000   0.72549   0.00000
   1.00000   0.69020   0.00000
   1.00000   0.65490   0.00000
   1.00000   0.61961   0.00000
   1.00000   0.58431   0.00000
   1.00000   0.55294   0.00000
   1.00000   0.51765   0.00000
   1.00000   0.48235   0.00000
   1.00000   0.44706   0.00000
   1.00000   0.41569   0.00000
   1.00000   0.38039   0.00000
   1.00000   0.34510   0.00000
   1.00000   0.30980   0.00000
   1.00000   0.27451   0.00000
   1.00000   0.24314   0.00000
   1.00000   0.20784   0.00000
   1.00000   0.17255   0.00000
   1.00000   0.13725   0.00000
   1.00000   0.10196   0.00000
   1.00000   0.07059   0.00000
   1.00000   0.03529   0.00000
   1.00000   0.00000   0.00000
   0.99608   0.01176   0.03922
   0.99608   0.02745   0.08235
   0.99216   0.03922   0.12157
   0.98824   0.05490   0.16471
   0.98824   0.06667   0.20392
   0.98431   0.08235   0.24706
   0.98039   0.09412   0.28627
   0.98039   0.10980   0.32549
   0.97647   0.12157   0.36863
   0.97255   0.13725   0.40784
   0.97255   0.14902   0.45098
   0.96863   0.16471   0.49020
   0.96863   0.17647   0.53333
   0.96471   0.19216   0.57255
   0.96078   0.20392   0.61569
   0.96078   0.21961   0.65490
   0.95686   0.23137   0.69412
   0.95294   0.24706   0.73725
   0.95294   0.25882   0.77647
   0.94902   0.27451   0.81961
   0.94510   0.28627   0.85882
   0.94510   0.30196   0.90196
   0.94118   0.31373   0.94118
   0.94510   0.35294   0.94510
   0.94902   0.39608   0.94902
   0.95294   0.43529   0.95294
   0.95686   0.47451   0.95686
   0.95686   0.51373   0.95686
   0.96078   0.55686   0.96078
   0.96471   0.59608   0.96471
   0.96863   0.63529   0.96863
   0.97255   0.67843   0.97255
   0.97647   0.71765   0.97647
   0.98039   0.75686   0.98039
   0.98431   0.80000   0.98431
   0.98431   0.83922   0.98431
   0.98824   0.87843   0.98824
   0.99216   0.91765   0.99216
   0.99608   0.96078   0.99608
   1.00000   1.00000   1.00000
