   0.00000   0.00000   0.00000
   0.00000   0.00000   0.00000
   0.00000   0.00000   0.00000
   0.00000   0.00000   0.00000
   0.00000   0.00000   0.00000
   0.00000   0.00000   0.00000
   0.00000   0.00000   0.00000
   0.06667   0.00000   0.10588
   0.13725   0.00000   0.21176
   0.20392   0.00000   0.32157
   0.27451   0.00000   0.42745
   0.34118   0.00000   0.53333
   0.34118   0.00000   0.53333
   0.34118   0.00000   0.53333
   0.34118   0.00000   0.53333
   0.34118   0.00000   0.53333
   0.34118   0.00000   0.53333
   0.34118   0.00000   0.53333
   0.34118   0.00000   0.53333
   0.34118   0.00000   0.53333
   0.34118   0.00000   0.53333
   0.34118   0.00000   0.53333
   0.34118   0.00000   0.53333
   0.32549   0.03922   0.50588
   0.30588   0.07843   0.48235
   0.29020   0.11765   0.45490
   0.27059   0.15686   0.42745
   0.25490   0.19608   0.40000
   0.23922   0.23529   0.37647
   0.21961   0.27451   0.34902
   0.20392   0.31373   0.32157
   0.18824   0.35294   0.29804
   0.16863   0.38824   0.27059
   0.15294   0.42745   0.24314
   0.13333   0.46667   0.21569
   0.11765   0.50588   0.19216
   0.10196   0.54510   0.16471
   0.08235   0.58431   0.13725
   0.06667   0.62353   0.10980
   0.04706   0.66275   0.08627
   0.03137   0.70196   0.05882
   0.03137   0.70196   0.05882
   0.03137   0.70196   0.05882
   0.03137   0.70196   0.05882
   0.03137   0.70196   0.05882
   0.03137   0.70196   0.05882
   0.03137   0.70196   0.05882
   0.08627   0.71765   0.05490
   0.13725   0.73333   0.05098
   0.19216   0.75294   0.05098
   0.24706   0.76863   0.04706
   0.30196   0.78431   0.04314
   0.35294   0.80000   0.03922
   0.40784   0.81961   0.03529
   0.46275   0.83529   0.03137
   0.51765   0.85098   0.03137
   0.56863   0.86667   0.02745
   0.62353   0.88235   0.02353
   0.67843   0.90196   0.01961
   0.72941   0.91765   0.01569
   0.78431   0.93333   0.01176
   0.83922   0.94902   0.01176
   0.89412   0.96863   0.00784
   0.94510   0.98431   0.00392
   1.00000   1.00000   0.00000
   1.00000   1.00000   0.00000
   1.00000   0.92941   0.00000
   1.00000   0.85882   0.00000
   1.00000   0.78431   0.00000
   1.00000   0.71373   0.00000
   1.00000   0.64314   0.00000
   1.00000   0.57255   0.00000
   1.00000   0.50196   0.00000
   1.00000   0.42745   0.00000
   1.00000   0.35686   0.00000
   1.00000   0.28627   0.00000
   1.00000   0.21569   0.00000
   1.00000   0.14118   0.00000
   1.00000   0.07059   0.00000
   1.00000   0.00000   0.00000
   0.99608   0.02745   0.07843
   0.99216   0.05098   0.15686
   0.98431   0.07843   0.23529
   0.98039   0.10588   0.31373
   0.97647   0.12941   0.39216
   0.97255   0.15686   0.47059
   0.96471   0.18431   0.54902
   0.96078   0.20784   0.62745
   0.95686   0.23529   0.70588
   0.95294   0.26275   0.78431
   0.94510   0.28627   0.86275
   0.94118   0.31373   0.94118
   0.94902   0.40000   0.94902
   0.95686   0.48627   0.95686
   0.96471   0.57255   0.96471
   0.97255   0.65882   0.97255
   0.97647   0.74118   0.97647
   0.98431   0.82745   0.98431
   0.99216   0.91373   0.99216
   1.00000   1.00000   1.00000
