   0.00000   0.00000   0.00000
   0.00000   0.00000   0.00000
   0.00000   0.00000   0.00000
   0.00000   0.00000   0.00000
   0.00000   0.00000   0.00000
   0.00000   0.00000   0.00000
   0.00000   0.00000   0.00000
   0.00000   0.00000   0.00000
   0.00000   0.00000   0.00000
   0.00000   0.00000   0.00000
   0.00000   0.00000   0.00000
   0.00000   0.00000   0.00000
   0.00000   0.00000   0.00000
   0.00000   0.00000   0.00000
   0.00000   0.00000   0.00000
   0.00000   0.00000   0.00000
   0.00000   0.00000   0.00000
   0.00000   0.00000   0.00000
   0.00000   0.00000   0.00000
   0.00000   0.00000   0.00000
   0.00000   0.00000   0.00000
   0.00000   0.00000   0.00000
   0.00000   0.00000   0.00000
   0.00000   0.00000   0.00000
   0.03922   0.00000   0.05882
   0.07451   0.00000   0.11765
   0.11373   0.00000   0.17647
   0.15294   0.00000   0.23529
   0.18824   0.00000   0.29804
   0.22745   0.00000   0.35686
   0.26667   0.00000   0.41569
   0.30196   0.00000   0.47451
   0.34118   0.00000   0.53333
   0.34118   0.00000   0.53333
   0.34118   0.00000   0.53333
   0.34118   0.00000   0.53333
   0.34118   0.00000   0.53333
   0.34118   0.00000   0.53333
   0.34118   0.00000   0.53333
   0.34118   0.00000   0.53333
   0.34118   0.00000   0.53333
   0.34118   0.00000   0.53333
   0.34118   0.00000   0.53333
   0.32157   0.04706   0.50196
   0.29804   0.09412   0.47059
   0.27843   0.14118   0.43922
   0.25882   0.18824   0.40784
   0.23922   0.23529   0.37647
   0.21569   0.28235   0.34510
   0.19608   0.32941   0.31373
   0.17647   0.37255   0.27843
   0.15686   0.41961   0.24706
   0.13333   0.46667   0.21569
   0.11373   0.51373   0.18431
   0.09412   0.56078   0.15294
   0.07451   0.60784   0.12157
   0.05098   0.65490   0.09020
   0.03137   0.70196   0.05882
   0.03137   0.70196   0.05882
   0.03137   0.70196   0.05882
   0.03137   0.70196   0.05882
   0.03137   0.70196   0.05882
   0.03137   0.70196   0.05882
   0.03137   0.70196   0.05882
   0.11765   0.72941   0.05490
   0.20784   0.75686   0.04706
   0.29412   0.78431   0.04314
   0.38431   0.81176   0.03922
   0.47059   0.83922   0.03137
   0.56078   0.86275   0.02745
   0.64706   0.89020   0.01961
   0.73725   0.91765   0.01569
   0.82353   0.94510   0.01176
   0.91373   0.97255   0.00392
   1.00000   1.00000   0.00000
   1.00000   0.92941   0.00000
   1.00000   0.85882   0.00000
   1.00000   0.78431   0.00000
   1.00000   0.71373   0.00000
   1.00000   0.64314   0.00000
   1.00000   0.57255   0.00000
   1.00000   0.50196   0.00000
   1.00000   0.42745   0.00000
   1.00000   0.35686   0.00000
   1.00000   0.28627   0.00000
   1.00000   0.21569   0.00000
   1.00000   0.14118   0.00000
   1.00000   0.07059   0.00000
   1.00000   0.00000   0.00000
   1.00000   0.00000   0.00000
   1.00000   0.00000   0.00000
   0.98039   0.10588   0.31373
   0.96078   0.20784   0.62745
   0.94118   0.31373   0.94118
   0.95294   0.45098   0.95294
   0.96471   0.58824   0.96471
   0.97647   0.72549   0.97647
   0.98824   0.86275   0.98824
   1.00000   1.00000   1.00000
   1.00000   1.00000   1.00000
   1.00000   1.00000   1.00000
