   0.00000   0.00000   0.00000
   0.00000   0.00000   0.00000
   0.00000   0.00000   0.00000
   0.00000   0.00000   0.00000
   0.00000   0.00000   0.00000
   0.00000   0.00000   0.00000
   0.06667   0.00000   0.10588
   0.13725   0.00000   0.21176
   0.20392   0.00000   0.32157
   0.27451   0.00000   0.42745
   0.34118   0.00000   0.53333
   0.34118   0.00000   0.53333
   0.34118   0.00000   0.53333
   0.34118   0.00000   0.53333
   0.34118   0.00000   0.53333
   0.34118   0.00000   0.53333
   0.34118   0.00000   0.53333
   0.34118   0.00000   0.53333
   0.34118   0.00000   0.53333
   0.34118   0.00000   0.53333
   0.34118   0.00000   0.53333
   0.34118   0.00000   0.53333
   0.31373   0.06275   0.49020
   0.28627   0.12941   0.44706
   0.25490   0.19216   0.40392
   0.22745   0.25490   0.36078
   0.20000   0.31765   0.31765
   0.17255   0.38431   0.27451
   0.14510   0.44706   0.23137
   0.11765   0.50980   0.18824
   0.08627   0.57255   0.14510
   0.05882   0.63922   0.10196
   0.03137   0.70196   0.05882
   0.03137   0.70196   0.05882
   0.03137   0.70196   0.05882
   0.03137   0.70196   0.05882
   0.03137   0.70196   0.05882
   0.03137   0.70196   0.05882
   0.13725   0.73333   0.05098
   0.24706   0.76863   0.04706
   0.35294   0.80000   0.03922
   0.46275   0.83529   0.03137
   0.56863   0.86667   0.02745
   0.67843   0.90196   0.01961
   0.78431   0.93333   0.01176
   0.89412   0.96863   0.00784
   1.00000   1.00000   0.00000
   1.00000   1.00000   0.00000
   1.00000   1.00000   0.00000
   1.00000   1.00000   0.00000
   1.00000   1.00000   0.00000
   1.00000   0.95294   0.00000
   1.00000   0.90588   0.00000
   1.00000   0.85882   0.00000
   1.00000   0.80784   0.00000
   1.00000   0.76078   0.00000
   1.00000   0.71373   0.00000
   1.00000   0.66667   0.00000
   1.00000   0.61961   0.00000
   1.00000   0.57255   0.00000
   1.00000   0.52549   0.00000
   1.00000   0.47451   0.00000
   1.00000   0.42745   0.00000
   1.00000   0.38039   0.00000
   1.00000   0.33333   0.00000
   1.00000   0.28627   0.00000
   1.00000   0.23922   0.00000
   1.00000   0.19216   0.00000
   1.00000   0.14118   0.00000
   1.00000   0.09412   0.00000
   1.00000   0.04706   0.00000
   1.00000   0.00000   0.00000
   1.00000   0.00000   0.00000
   1.00000   0.00000   0.00000
   1.00000   0.00000   0.00000
   1.00000   0.00000   0.00000
   1.00000   0.00000   0.00000
   1.00000   0.00000   0.00000
   1.00000   0.00000   0.00000
   1.00000   0.00000   0.00000
   0.98431   0.07843   0.23529
   0.97255   0.15686   0.47059
   0.95686   0.23529   0.70588
   0.94118   0.31373   0.94118
   0.94118   0.31373   0.94118
   0.94118   0.31373   0.94118
   0.94118   0.31373   0.94118
   0.94118   0.31373   0.94118
   0.94118   0.31373   0.94118
   0.94510   0.37255   0.94510
   0.95294   0.42745   0.95294
   0.95686   0.48627   0.95686
   0.96078   0.54118   0.96078
   0.96471   0.60000   0.96471
   0.97255   0.65882   0.97255
   0.97647   0.71373   0.97647
   0.98039   0.77255   0.98039
   0.98431   0.82745   0.98431
   0.99216   0.88627   0.99216
   0.99608   0.94118   0.99608
   1.00000   1.00000   1.00000
