   0.70000   0.70000   0.70000
   0.65000   0.65000   0.70000
   0.61000   0.60000   0.70000
   0.55000   0.55000   0.70000
   0.56000   0.50000   0.70000
   0.45000   0.45000   0.70000
   0.42000   0.40000   0.70000
   0.35000   0.35000   0.70000
   0.30000   0.30000   0.70000
   0.25000   0.25000   0.70000
   0.20000   0.20000   0.70000
   0.15000   0.15000   0.70000
   0.10000   0.10000   0.70000
   0.05000   0.05000   0.70000
   0.00000   0.00000   0.70000
   0.00000   0.05000   0.70000
   0.00000   0.10000   0.70000
   0.00000   0.15000   0.70000
   0.00000   0.20000   0.70000
   0.00000   0.25000   0.70000
   0.00000   0.30000   0.70000
   0.00000   0.35000   0.70000
   0.00000   0.40000   0.70000
   0.00000   0.45000   0.60000
   0.00000   0.50000   0.50000
   0.00000   0.55000   0.40000
   0.00000   0.60000   0.30000
   0.00000   0.65000   0.20000
   0.00000   0.70000   0.10000
   0.00000   0.72500   0.00000
   0.00000   0.69000   0.00000
   0.03000   0.68500   0.00000
   0.06000   0.68000   0.00000
   0.10000   0.57500   0.00000
   0.13000   0.57000   0.00000
   0.16000   0.56500   0.00000
   0.55000   0.55000   0.00000
   0.55500   0.54500   0.00000
   0.56000   0.53000   0.00000
   0.56500   0.48500   0.00000
   0.57000   0.42000   0.00000
   0.67500   0.37500   0.00000
   0.68000   0.33000   0.00000
   0.69000   0.30000   0.00000
   0.70000   0.28500   0.00000
   0.70000   0.27000   0.00000
   0.70000   0.26000   0.00000
   0.70000   0.24000   0.00000
   0.70000   0.18000   0.00000
   0.70000   0.13000   0.00000
   0.70000   0.12000   0.00000
   0.70000   0.10000   0.00000
   0.70000   0.09000   0.00000
   0.75000   0.09000   0.00000
   0.80000   0.09000   0.00000
   0.83000   0.07000   0.00000
   0.87000   0.05000   0.00000
   0.90000   0.03000   0.00000
   0.95000   0.01000   0.00000
   0.99000   0.00000   0.00000
   1.00000   0.00000   0.00000
