   0.02745   0.11765   0.27451
   0.02745   0.18431   0.41961
   0.03137   0.32157   0.61176
   0.12941   0.44314   0.70980
   0.25882   0.57255   0.78039
   0.35294   0.62745   0.80392
   0.47059   0.74902   0.83922
   0.66667   0.86275   0.90196
   0.85882   0.96078   1.00000
   0.94118   0.98824   1.00000
   1.00000   0.94118   0.96078
   1.00000   0.87843   0.87843
   0.98824   0.73333   0.66667
   0.98824   0.57255   0.44706
   0.98431   0.41569   0.29020
   0.94118   0.23529   0.16863
   0.80000   0.09412   0.11765
   0.65098   0.05882   0.07843
   0.47059   0.03922   0.05882
   0.37255   0.00000   0.00000
