   0.75000   1.00000   1.00000
   0.50000   1.00000   1.00000
   0.25000   1.00000   1.00000
   0.00000   1.00000   1.00000
   1.00000   0.83330   1.00000
   0.75000   0.83330   1.00000
   0.50000   0.83330   1.00000
   0.25000   0.83330   1.00000
   0.00000   0.83330   1.00000
   1.00000   0.66670   1.00000
   0.75000   0.66670   1.00000
   0.50000   0.66670   1.00000
   0.25000   0.66670   1.00000
   0.00000   0.66670   1.00000
   1.00000   0.50000   1.00000
   0.75000   0.50000   1.00000
   0.50000   0.50000   1.00000
   0.25000   0.50000   1.00000
   0.00000   0.50000   1.00000
   1.00000   0.33330   1.00000
   0.75000   0.33330   1.00000
   0.50000   0.33330   1.00000
   0.25000   0.33330   1.00000
   0.00000   0.33330   1.00000
   1.00000   0.16670   1.00000
   0.75000   0.16670   1.00000
   0.50000   0.16670   1.00000
   0.25000   0.16670   1.00000
   0.00000   0.16670   1.00000
   1.00000   0.00000   1.00000
   0.75000   0.00000   1.00000
   0.50000   0.00000   1.00000
   0.25000   0.00000   1.00000
   0.00000   0.00000   1.00000
   1.00000   1.00000   0.25000
   0.75000   1.00000   0.25000
   0.50000   1.00000   0.25000
   0.25000   1.00000   0.25000
   0.00000   1.00000   0.25000
   1.00000   0.83330   0.25000
   0.75000   0.83330   0.25000
   0.50000   0.83330   0.25000
   0.25000   0.83330   0.25000
   0.00000   0.83330   0.25000
   1.00000   0.66670   0.25000
   0.75000   0.66670   0.25000
   0.50000   0.66670   0.25000
   0.25000   0.66670   0.25000
   0.00000   0.66670   0.25000
   1.00000   0.50000   0.25000
   0.75000   0.50000   0.25000
   0.50000   0.50000   0.25000
   0.25000   0.50000   0.25000
   0.00000   0.50000   0.25000
   1.00000   0.33330   0.25000
   0.75000   0.33330   0.25000
   0.50000   0.33330   0.25000
   0.25000   0.33330   0.25000
   0.00000   0.33330   0.25000
   1.00000   0.16670   0.25000
   0.75000   0.16670   0.25000
   0.50000   0.16670   0.25000
   0.25000   0.16670   0.25000
   0.00000   0.16670   0.25000
   1.00000   0.00000   0.25000
   0.75000   0.00000   0.25000
   0.50000   0.00000   0.25000
   0.25000   0.00000   0.25000
   0.00000   0.00000   0.25000
   1.00000   1.00000   0.50000
   0.75000   1.00000   0.50000
   0.50000   1.00000   0.50000
   0.25000   1.00000   0.50000
   0.00000   1.00000   0.50000
   1.00000   0.83330   0.50000
   0.75000   0.83330   0.50000
   0.50000   0.83330   0.50000
   0.25000   0.83330   0.50000
   0.00000   0.83330   0.50000
   1.00000   0.66670   0.50000
   0.75000   0.66670   0.50000
   0.50000   0.66670   0.50000
   0.25000   0.66670   0.50000
   0.00000   0.66670   0.50000
   1.00000   0.50000   0.50000
   0.75000   0.50000   0.50000
   0.50000   0.50000   0.50000
   0.25000   0.50000   0.50000
   0.00000   0.50000   0.50000
   1.00000   0.33330   0.50000
   0.75000   0.33330   0.50000
   0.50000   0.33330   0.50000
   0.25000   0.33330   0.50000
   0.00000   0.33330   0.50000
   1.00000   0.16670   0.50000
   0.75000   0.16670   0.50000
   0.50000   0.16670   0.50000
   0.25000   0.16670   0.50000
   0.00000   0.16670   0.50000
   1.00000   0.00000   0.50000
   0.75000   0.00000   0.50000
   0.50000   0.00000   0.50000
   0.25000   0.00000   0.50000
   0.00000   0.00000   0.50000
   1.00000   1.00000   0.75000
   0.75000   1.00000   0.75000
   0.50000   1.00000   0.75000
   0.25000   1.00000   0.75000
   0.00000   1.00000   0.75000
   1.00000   0.83330   0.75000
   0.75000   0.83330   0.75000
   0.50000   0.83330   0.75000
   0.25000   0.83330   0.75000
   0.00000   0.83330   0.75000
   1.00000   0.66670   0.75000
   0.75000   0.66670   0.75000
   0.50000   0.66670   0.75000
   0.25000   0.66670   0.75000
   0.00000   0.66670   0.75000
   1.00000   0.50000   0.75000
   0.75000   0.50000   0.75000
   0.50000   0.50000   0.75000
   0.25000   0.50000   0.75000
   0.00000   0.50000   0.75000
   1.00000   0.33330   0.75000
   0.75000   0.33330   0.75000
   0.50000   0.33330   0.75000
   0.25000   0.33330   0.75000
   0.00000   0.33330   0.75000
   1.00000   0.16670   0.75000
   0.75000   0.16670   0.75000
   0.50000   0.16670   0.75000
   0.25000   0.16670   0.75000
   0.00000   0.16670   0.75000
   1.00000   0.00000   0.75000
   0.75000   0.00000   0.75000
   0.50000   0.00000   0.75000
   0.25000   0.00000   0.75000
   0.00000   0.00000   0.75000
   1.00000   1.00000   0.00000
   0.75000   1.00000   0.00000
   0.50000   1.00000   0.00000
   0.25000   1.00000   0.00000
   0.00000   1.00000   0.00000
   1.00000   0.83330   0.00000
   0.75000   0.83330   0.00000
   0.50000   0.83330   0.00000
   0.25000   0.83330   0.00000
   0.00000   0.83330   0.00000
   1.00000   0.66670   0.00000
   0.75000   0.66670   0.00000
   0.50000   0.66670   0.00000
   0.25000   0.66670   0.00000
   0.00000   0.66670   0.00000
   1.00000   0.50000   0.00000
   0.75000   0.50000   0.00000
   0.50000   0.50000   0.00000
   0.25000   0.50000   0.00000
   0.00000   0.50000   0.00000
   1.00000   0.33330   0.00000
   0.75000   0.33330   0.00000
   0.50000   0.33330   0.00000
   0.25000   0.33330   0.00000
   0.00000   0.33330   0.00000
   1.00000   0.16670   0.00000
   0.75000   0.16670   0.00000
   0.50000   0.16670   0.00000
   0.25000   0.16670   0.00000
   0.00000   0.16670   0.00000
   1.00000   0.00000   0.00000
   0.75000   0.00000   0.00000
   0.50000   0.00000   0.00000
   0.25000   0.00000   0.00000
