   0.34118   0.00000   0.53333
   0.31765   0.00000   0.56471
   0.29412   0.00000   0.59608
   0.27451   0.00000   0.62745
   0.25098   0.00000   0.65882
   0.22745   0.00000   0.69020
   0.20392   0.00000   0.72157
   0.18039   0.00000   0.75294
   0.16078   0.00000   0.78039
   0.13725   0.00000   0.81176
   0.11373   0.00000   0.84314
   0.09020   0.00000   0.87451
   0.06667   0.00000   0.90588
   0.04706   0.00000   0.93725
   0.02353   0.00000   0.96863
   0.00000   0.00000   1.00000
   0.00392   0.04314   0.94118
   0.00392   0.08627   0.88235
   0.00784   0.13333   0.82353
   0.00784   0.17647   0.76471
   0.01176   0.21961   0.70588
   0.01176   0.26275   0.64706
   0.01569   0.30588   0.58824
   0.01569   0.35294   0.52941
   0.01961   0.39608   0.47059
   0.01961   0.43922   0.41176
   0.02353   0.48235   0.35294
   0.02353   0.52549   0.29412
   0.02745   0.56863   0.23529
   0.02745   0.61569   0.17647
   0.03137   0.65882   0.11765
   0.03137   0.70196   0.05882
   0.09412   0.72157   0.12157
   0.16078   0.74118   0.18431
   0.22353   0.76078   0.24706
   0.29020   0.78039   0.30980
   0.35294   0.80000   0.37255
   0.41961   0.81961   0.43529
   0.48235   0.83922   0.49804
   0.54902   0.86275   0.56078
   0.61176   0.88235   0.62353
   0.67843   0.90196   0.68627
   0.74118   0.92157   0.74902
   0.80784   0.94118   0.81176
   0.87059   0.96078   0.87451
   0.93725   0.98039   0.93725
   1.00000   1.00000   1.00000
   1.00000   1.00000   1.00000
   1.00000   1.00000   1.00000
   1.00000   1.00000   1.00000
   1.00000   1.00000   1.00000
   1.00000   1.00000   1.00000
   1.00000   1.00000   1.00000
   1.00000   1.00000   1.00000
   1.00000   1.00000   1.00000
   1.00000   1.00000   0.93333
   1.00000   1.00000   0.86667
   1.00000   1.00000   0.80000
   1.00000   1.00000   0.73333
   1.00000   1.00000   0.66667
   1.00000   1.00000   0.60000
   1.00000   1.00000   0.53333
   1.00000   1.00000   0.46667
   1.00000   1.00000   0.40000
   1.00000   1.00000   0.33333
   1.00000   1.00000   0.26667
   1.00000   1.00000   0.20000
   1.00000   1.00000   0.13333
   1.00000   1.00000   0.06667
   1.00000   1.00000   0.00000
   1.00000   0.97647   0.00000
   1.00000   0.95686   0.00000
   1.00000   0.93333   0.00000
   1.00000   0.91373   0.00000
   1.00000   0.89020   0.00000
   1.00000   0.86667   0.00000
   1.00000   0.84706   0.00000
   1.00000   0.82353   0.00000
   1.00000   0.80000   0.00000
   1.00000   0.78039   0.00000
   1.00000   0.75686   0.00000
   1.00000   0.73725   0.00000
   1.00000   0.71373   0.00000
   1.00000   0.69020   0.00000
   1.00000   0.67059   0.00000
   1.00000   0.64706   0.00000
   1.00000   0.60392   0.00000
   1.00000   0.56078   0.00000
   1.00000   0.51765   0.00000
   1.00000   0.47451   0.00000
   1.00000   0.43137   0.00000
   1.00000   0.38824   0.00000
   1.00000   0.34510   0.00000
   1.00000   0.30196   0.00000
   1.00000   0.25882   0.00000
   1.00000   0.21569   0.00000
   1.00000   0.17255   0.00000
   1.00000   0.12941   0.00000
   1.00000   0.08627   0.00000
   1.00000   0.04314   0.00000
   1.00000   0.00000   0.00000
