   1.00000   1.00000   1.00000
   0.98039   0.98039   1.00000
   0.96078   0.96078   1.00000
   0.94118   0.94118   1.00000
   0.92157   0.92157   1.00000
   0.90196   0.90196   1.00000
   0.87843   0.87843   1.00000
   0.85882   0.85882   1.00000
   0.83922   0.83922   1.00000
   0.81961   0.81961   1.00000
   0.80000   0.80000   1.00000
   0.78039   0.78039   1.00000
   0.76078   0.76078   1.00000
   0.74118   0.74118   1.00000
   0.72157   0.72157   1.00000
   0.70196   0.70196   1.00000
   0.67843   0.67843   1.00000
   0.65882   0.65882   1.00000
   0.63922   0.63922   1.00000
   0.61961   0.61961   1.00000
   0.60000   0.60000   1.00000
   0.58039   0.58039   1.00000
   0.56078   0.56078   1.00000
   0.54118   0.54118   1.00000
   0.52157   0.52157   1.00000
   0.50196   0.50196   1.00000
   0.47843   0.47843   1.00000
   0.45882   0.45882   1.00000
   0.43922   0.43922   1.00000
   0.41961   0.41961   1.00000
   0.40000   0.40000   1.00000
   0.38039   0.38039   1.00000
   0.36078   0.36078   1.00000
   0.34118   0.34118   1.00000
   0.32157   0.32157   1.00000
   0.30196   0.30196   1.00000
   0.27843   0.27843   1.00000
   0.25882   0.25882   1.00000
   0.23922   0.23922   1.00000
   0.21961   0.21961   1.00000
   0.20000   0.20000   1.00000
   0.18039   0.18039   1.00000
   0.16078   0.16078   1.00000
   0.14118   0.14118   1.00000
   0.12157   0.12157   1.00000
   0.10196   0.10196   1.00000
   0.07843   0.07843   1.00000
   0.05882   0.05882   1.00000
   0.03922   0.03922   1.00000
   0.01961   0.01961   1.00000
   0.00000   0.00000   1.00000
   0.00000   0.01569   0.98039
   0.00000   0.02745   0.96078
   0.00000   0.04314   0.94118
   0.00392   0.05882   0.92157
   0.00392   0.07059   0.90588
   0.00392   0.08627   0.88627
   0.00392   0.10196   0.86667
   0.00392   0.11373   0.84706
   0.00392   0.12941   0.82745
   0.00784   0.14510   0.80784
   0.00784   0.15686   0.78824
   0.00784   0.17255   0.76863
   0.00784   0.18431   0.74902
   0.00784   0.20000   0.72941
   0.00784   0.21569   0.71373
   0.01176   0.22745   0.69412
   0.01176   0.24314   0.67451
   0.01176   0.25882   0.65490
   0.01176   0.27059   0.63529
   0.01176   0.28627   0.61569
   0.01176   0.30196   0.59608
   0.01569   0.31373   0.57647
   0.01569   0.32941   0.55686
   0.01569   0.34510   0.53725
   0.01569   0.35686   0.52157
   0.01569   0.37255   0.50196
   0.01569   0.38824   0.48235
   0.01961   0.40000   0.46275
   0.01961   0.41569   0.44314
   0.01961   0.43137   0.42353
   0.01961   0.44314   0.40392
   0.01961   0.45882   0.38431
   0.01961   0.47451   0.36471
   0.02353   0.48627   0.34510
   0.02353   0.50196   0.32941
   0.02353   0.51765   0.30980
   0.02353   0.52941   0.29020
   0.02353   0.54510   0.27059
   0.02353   0.55686   0.25098
   0.02745   0.57255   0.23137
   0.02745   0.58824   0.21176
   0.02745   0.60000   0.19216
   0.02745   0.61569   0.17255
   0.02745   0.63137   0.15294
   0.02745   0.64314   0.13725
   0.03137   0.65882   0.11765
   0.03137   0.67451   0.09804
   0.03137   0.68627   0.07843
   0.03137   0.70196   0.05882
   0.05098   0.70980   0.05882
   0.07059   0.71373   0.05490
   0.09020   0.72157   0.05490
   0.10980   0.72549   0.05490
   0.12941   0.73333   0.05490
   0.14902   0.73725   0.05098
   0.16863   0.74510   0.05098
   0.18824   0.74902   0.05098
   0.20392   0.75686   0.04706
   0.22353   0.76078   0.04706
   0.24314   0.76863   0.04706
   0.26275   0.77255   0.04314
   0.28235   0.78039   0.04314
   0.30196   0.78431   0.04314
   0.32157   0.79216   0.04314
   0.34118   0.79608   0.03922
   0.36078   0.80392   0.03922
   0.38039   0.80784   0.03922
   0.40000   0.81569   0.03529
   0.41961   0.81961   0.03529
   0.43922   0.82745   0.03529
   0.45882   0.83137   0.03137
   0.47843   0.83922   0.03137
   0.49804   0.84314   0.03137
   0.51765   0.85098   0.03137
   0.53333   0.85882   0.02745
   0.55294   0.86275   0.02745
   0.57255   0.87059   0.02745
   0.59216   0.87451   0.02353
   0.61176   0.88235   0.02353
   0.63137   0.88627   0.02353
   0.65098   0.89412   0.01961
   0.67059   0.89804   0.01961
   0.69020   0.90588   0.01961
   0.70980   0.90980   0.01961
   0.72941   0.91765   0.01569
   0.74902   0.92157   0.01569
   0.76863   0.92941   0.01569
   0.78824   0.93333   0.01176
   0.80784   0.94118   0.01176
   0.82745   0.94510   0.01176
   0.84314   0.95294   0.00784
   0.86275   0.95686   0.00784
   0.88235   0.96471   0.00784
   0.90196   0.96863   0.00784
   0.92157   0.97647   0.00392
   0.94118   0.98039   0.00392
   0.96078   0.98824   0.00392
   0.98039   0.99216   0.00000
   1.00000   1.00000   0.00000
   1.00000   0.98039   0.00000
   1.00000   0.96078   0.00000
   1.00000   0.93725   0.00000
   1.00000   0.91765   0.00000
   1.00000   0.89804   0.00000
   1.00000   0.87843   0.00000
   1.00000   0.85882   0.00000
   1.00000   0.83529   0.00000
   1.00000   0.81569   0.00000
   1.00000   0.79608   0.00000
   1.00000   0.77647   0.00000
   1.00000   0.75686   0.00000
   1.00000   0.73333   0.00000
   1.00000   0.71373   0.00000
   1.00000   0.69412   0.00000
   1.00000   0.67451   0.00000
   1.00000   0.65490   0.00000
   1.00000   0.63137   0.00000
   1.00000   0.61176   0.00000
   1.00000   0.59216   0.00000
   1.00000   0.57255   0.00000
   1.00000   0.55294   0.00000
   1.00000   0.52941   0.00000
   1.00000   0.50980   0.00000
   1.00000   0.49020   0.00000
   1.00000   0.47059   0.00000
   1.00000   0.44706   0.00000
   1.00000   0.42745   0.00000
   1.00000   0.40784   0.00000
   1.00000   0.38824   0.00000
   1.00000   0.36863   0.00000
   1.00000   0.34510   0.00000
   1.00000   0.32549   0.00000
   1.00000   0.30588   0.00000
   1.00000   0.28627   0.00000
   1.00000   0.26667   0.00000
   1.00000   0.24314   0.00000
   1.00000   0.22353   0.00000
   1.00000   0.20392   0.00000
   1.00000   0.18431   0.00000
   1.00000   0.16471   0.00000
   1.00000   0.14118   0.00000
   1.00000   0.12157   0.00000
   1.00000   0.10196   0.00000
   1.00000   0.08235   0.00000
   1.00000   0.06275   0.00000
   1.00000   0.03922   0.00000
   1.00000   0.01961   0.00000
   1.00000   0.00000   0.00000
