   1.00000   1.00000   1.00000
   0.98039   0.98039   1.00000
   0.96078   0.96078   1.00000
   0.93725   0.93725   1.00000
   0.91765   0.91765   1.00000
   0.89804   0.89804   1.00000
   0.87843   0.87843   1.00000
   0.85882   0.85882   1.00000
   0.83529   0.83529   1.00000
   0.81569   0.81569   1.00000
   0.79608   0.79608   1.00000
   0.77647   0.77647   1.00000
   0.75686   0.75686   1.00000
   0.73333   0.73333   1.00000
   0.71373   0.71373   1.00000
   0.69412   0.69412   1.00000
   0.67451   0.67451   1.00000
   0.65490   0.65490   1.00000
   0.63137   0.63137   1.00000
   0.61176   0.61176   1.00000
   0.59216   0.59216   1.00000
   0.57255   0.57255   1.00000
   0.55294   0.55294   1.00000
   0.52941   0.52941   1.00000
   0.50980   0.50980   1.00000
   0.49020   0.49020   1.00000
   0.47059   0.47059   1.00000
   0.44706   0.44706   1.00000
   0.42745   0.42745   1.00000
   0.40784   0.40784   1.00000
   0.38824   0.38824   1.00000
   0.36863   0.36863   1.00000
   0.34510   0.34510   1.00000
   0.32549   0.32549   1.00000
   0.30588   0.30588   1.00000
   0.28627   0.28627   1.00000
   0.26667   0.26667   1.00000
   0.24314   0.24314   1.00000
   0.22353   0.22353   1.00000
   0.20392   0.20392   1.00000
   0.18431   0.18431   1.00000
   0.16471   0.16471   1.00000
   0.14118   0.14118   1.00000
   0.12157   0.12157   1.00000
   0.10196   0.10196   1.00000
   0.08235   0.08235   1.00000
   0.06275   0.06275   1.00000
   0.03922   0.03922   1.00000
   0.01961   0.01961   1.00000
   0.00000   0.00000   1.00000
   1.00000   0.00000   0.00000
   1.00000   0.01961   0.01961
   1.00000   0.03922   0.03922
   1.00000   0.06275   0.06275
   1.00000   0.08235   0.08235
   1.00000   0.10196   0.10196
   1.00000   0.12157   0.12157
   1.00000   0.14118   0.14118
   1.00000   0.16471   0.16471
   1.00000   0.18431   0.18431
   1.00000   0.20392   0.20392
   1.00000   0.22353   0.22353
   1.00000   0.24314   0.24314
   1.00000   0.26667   0.26667
   1.00000   0.28627   0.28627
   1.00000   0.30588   0.30588
   1.00000   0.32549   0.32549
   1.00000   0.34510   0.34510
   1.00000   0.36863   0.36863
   1.00000   0.38824   0.38824
   1.00000   0.40784   0.40784
   1.00000   0.42745   0.42745
   1.00000   0.44706   0.44706
   1.00000   0.47059   0.47059
   1.00000   0.49020   0.49020
   1.00000   0.50980   0.50980
   1.00000   0.52941   0.52941
   1.00000   0.55294   0.55294
   1.00000   0.57255   0.57255
   1.00000   0.59216   0.59216
   1.00000   0.61176   0.61176
   1.00000   0.63137   0.63137
   1.00000   0.65490   0.65490
   1.00000   0.67451   0.67451
   1.00000   0.69412   0.69412
   1.00000   0.71373   0.71373
   1.00000   0.73333   0.73333
   1.00000   0.75686   0.75686
   1.00000   0.77647   0.77647
   1.00000   0.79608   0.79608
   1.00000   0.81569   0.81569
   1.00000   0.83529   0.83529
   1.00000   0.85882   0.85882
   1.00000   0.87843   0.87843
   1.00000   0.89804   0.89804
   1.00000   0.91765   0.91765
   1.00000   0.93725   0.93725
   1.00000   0.96078   0.96078
   1.00000   0.98039   0.98039
   1.00000   1.00000   1.00000
