   1.00000   1.00000   1.00000
   1.00000   1.00000   0.99216
   1.00000   0.99608   0.98431
   1.00000   0.99608   0.97647
   1.00000   0.99216   0.96863
   1.00000   0.99216   0.96078
   1.00000   0.99216   0.95294
   1.00000   0.98824   0.94902
   1.00000   0.98824   0.94118
   0.99608   0.98824   0.93333
   0.99608   0.98431   0.92549
   0.99608   0.98431   0.91765
   0.99608   0.98039   0.90980
   0.99608   0.98039   0.90196
   0.99608   0.98039   0.89412
   0.99608   0.97647   0.88627
   0.99608   0.97647   0.87843
   0.99608   0.97255   0.87059
   0.99608   0.97255   0.86275
   0.99608   0.97255   0.85490
   0.99608   0.96863   0.85098
   0.99608   0.96863   0.84314
   0.99608   0.96863   0.83529
   0.99608   0.96471   0.82745
   0.99608   0.96471   0.81961
   0.99608   0.96078   0.81176
   0.99608   0.96078   0.80392
   0.99216   0.96078   0.79608
   0.99216   0.95686   0.78824
   0.99216   0.95686   0.78039
   0.99216   0.95294   0.77255
   0.99216   0.95294   0.76471
   0.99216   0.95294   0.75686
   0.99216   0.94902   0.75294
   0.99216   0.94902   0.74510
   0.99216   0.94902   0.73725
   0.99216   0.94510   0.72941
   0.99216   0.94510   0.72157
   0.99216   0.94118   0.71373
   0.99216   0.94118   0.70588
   0.99216   0.94118   0.69804
   0.99216   0.93725   0.69020
   0.99216   0.93725   0.68235
   0.99216   0.93333   0.67451
   0.98824   0.93333   0.66667
   0.98824   0.93333   0.65882
   0.98824   0.92941   0.65490
   0.98824   0.92941   0.64706
   0.98824   0.92941   0.63922
   0.98824   0.92549   0.63137
   0.98824   0.92549   0.62353
   0.98824   0.92157   0.60784
   0.98824   0.91765   0.60000
   0.98824   0.91373   0.59216
   0.98824   0.90980   0.58431
   0.98824   0.90196   0.57647
   0.98824   0.89804   0.56863
   0.98824   0.89412   0.56078
   0.98824   0.89020   0.55294
   0.98824   0.88627   0.54510
   0.98824   0.88235   0.53725
   0.98824   0.87843   0.52941
   0.98824   0.87451   0.52157
   0.98824   0.86667   0.51373
   0.99216   0.86275   0.50588
   0.99216   0.85882   0.49804
   0.99216   0.85490   0.49020
   0.99216   0.85098   0.48235
   0.99216   0.84706   0.47451
   0.99216   0.84314   0.46667
   0.99216   0.83529   0.45882
   0.99216   0.83137   0.45098
   0.99216   0.82745   0.44314
   0.99216   0.82353   0.43529
   0.99216   0.81961   0.42745
   0.99216   0.81569   0.41961
   0.99216   0.81176   0.41176
   0.99216   0.80784   0.40392
   0.99216   0.80000   0.39216
   0.99216   0.79608   0.38431
   0.99216   0.79216   0.37647
   0.99216   0.78824   0.36863
   0.99216   0.78431   0.36078
   0.99216   0.78039   0.35294
   0.99216   0.77647   0.34510
   0.99216   0.76863   0.33725
   0.99216   0.76471   0.32941
   0.99216   0.76078   0.32157
   0.99216   0.75686   0.31373
   0.99216   0.75294   0.30588
   0.99608   0.74902   0.29804
   0.99608   0.74510   0.29020
   0.99608   0.73725   0.28235
   0.99608   0.73333   0.27451
   0.99608   0.72941   0.26667
   0.99608   0.72549   0.25882
   0.99608   0.72157   0.25098
   0.99608   0.71765   0.24314
   0.99608   0.71373   0.23529
   0.99608   0.70980   0.22745
   0.99608   0.70196   0.21961
   0.99608   0.69020   0.19608
   0.99608   0.68627   0.19608
   0.99608   0.67843   0.19608
   0.99216   0.67451   0.19216
   0.99216   0.67059   0.19216
   0.99216   0.66275   0.19216
   0.99216   0.65882   0.19216
   0.99216   0.65490   0.19216
   0.99216   0.64706   0.19216
   0.98824   0.64314   0.18824
   0.98824   0.63922   0.18824
   0.98824   0.63137   0.18824
   0.98824   0.62745   0.18824
   0.98824   0.62353   0.18824
   0.98824   0.61569   0.18824
   0.98431   0.61176   0.18431
   0.98431   0.60392   0.18431
   0.98431   0.60000   0.18431
   0.98431   0.59608   0.18431
   0.98431   0.58824   0.18431
   0.98431   0.58431   0.18431
   0.98039   0.58039   0.18039
   0.98039   0.57255   0.18039
   0.98039   0.56863   0.18039
   0.98039   0.56471   0.18039
   0.98039   0.55686   0.18039
   0.98039   0.55294   0.18039
   0.97647   0.54902   0.17647
   0.97647   0.54118   0.17647
   0.97647   0.53725   0.17647
   0.97647   0.53333   0.17647
   0.97647   0.52549   0.17647
   0.97255   0.52157   0.17255
   0.97255   0.51765   0.17255
   0.97255   0.50980   0.17255
   0.97255   0.50588   0.17255
   0.97255   0.50196   0.17255
   0.97255   0.49412   0.17255
   0.96863   0.49020   0.16863
   0.96863   0.48627   0.16863
   0.96863   0.47843   0.16863
   0.96863   0.47451   0.16863
   0.96863   0.46667   0.16863
   0.96863   0.46275   0.16863
   0.96471   0.45882   0.16471
   0.96471   0.45098   0.16471
   0.96471   0.44706   0.16471
   0.96471   0.44314   0.16471
   0.96471   0.43529   0.16471
   0.96471   0.43137   0.16471
   0.96078   0.42745   0.16078
   0.96078   0.41569   0.16078
   0.95686   0.41176   0.16078
   0.95686   0.40392   0.16078
   0.95294   0.40000   0.16078
   0.94902   0.39216   0.16078
   0.94902   0.38824   0.16078
   0.94510   0.38039   0.16078
   0.94118   0.37647   0.16078
   0.94118   0.36863   0.16078
   0.93725   0.36471   0.16078
   0.93333   0.36078   0.16078
   0.93333   0.35294   0.16078
   0.92941   0.34902   0.16078
   0.92941   0.34118   0.16078
   0.92549   0.33725   0.16078
   0.92157   0.32941   0.16078
   0.92157   0.32549   0.16078
   0.91765   0.31765   0.16078
   0.91373   0.31373   0.16078
   0.91373   0.30980   0.16078
   0.90980   0.30196   0.16078
   0.90588   0.29804   0.16078
   0.90588   0.29020   0.16078
   0.90196   0.28627   0.16078
   0.89804   0.27843   0.16078
   0.89804   0.27451   0.16078
   0.89412   0.27059   0.16078
   0.89020   0.26275   0.15686
   0.89020   0.25882   0.15686
   0.88627   0.25098   0.15686
   0.88235   0.24706   0.15686
   0.88235   0.23922   0.15686
   0.87843   0.23529   0.15686
   0.87451   0.22745   0.15686
   0.87451   0.22353   0.15686
   0.87059   0.21961   0.15686
   0.86667   0.21176   0.15686
   0.86667   0.20784   0.15686
   0.86275   0.20000   0.15686
   0.86275   0.19608   0.15686
   0.85882   0.18824   0.15686
   0.85490   0.18431   0.15686
   0.85490   0.17647   0.15686
   0.85098   0.17255   0.15686
   0.84706   0.16863   0.15686
   0.84706   0.16078   0.15686
   0.84314   0.15686   0.15686
   0.83922   0.14902   0.15686
   0.83922   0.14510   0.15686
   0.83529   0.13725   0.15686
   0.82745   0.12157   0.15686
   0.82353   0.12157   0.15686
   0.81961   0.12157   0.15294
   0.81176   0.11765   0.15294
   0.80784   0.11765   0.15294
   0.80392   0.11765   0.15294
   0.80000   0.11765   0.14902
   0.79216   0.11765   0.14902
   0.78824   0.11373   0.14902
   0.78431   0.11373   0.14510
   0.78039   0.11373   0.14510
   0.77255   0.11373   0.14510
   0.76863   0.11373   0.14510
   0.76471   0.11373   0.14118
   0.76078   0.10980   0.14118
   0.75294   0.10980   0.14118
   0.74902   0.10980   0.13725
   0.74510   0.10980   0.13725
   0.74118   0.10980   0.13725
   0.73333   0.10588   0.13725
   0.72941   0.10588   0.13333
   0.72549   0.10588   0.13333
   0.72157   0.10588   0.13333
   0.71373   0.10588   0.12941
   0.70980   0.10196   0.12941
   0.70588   0.10196   0.12941
   0.70196   0.10196   0.12941
   0.69412   0.10196   0.12549
   0.69020   0.10196   0.12549
   0.68627   0.09804   0.12549
   0.68235   0.09804   0.12157
   0.67451   0.09804   0.12157
   0.67059   0.09804   0.12157
   0.66667   0.09804   0.11765
   0.66275   0.09412   0.11765
   0.65490   0.09412   0.11765
   0.65098   0.09412   0.11765
   0.64706   0.09412   0.11373
   0.64314   0.09412   0.11373
   0.63529   0.09412   0.11373
   0.63137   0.09020   0.10980
   0.62745   0.09020   0.10980
   0.62353   0.09020   0.10980
   0.61569   0.09020   0.10980
   0.61176   0.09020   0.10588
   0.60784   0.08627   0.10588
   0.60392   0.08627   0.10588
   0.59608   0.08627   0.10196
   0.59216   0.08627   0.10196
   0.58824   0.08627   0.10196
   0.58431   0.08235   0.10196
   0.57255   0.08235   0.09804
