   1.00000   1.00000   1.00000
   0.94118   0.90980   0.95686
   0.87843   0.81961   0.91373
   0.81961   0.72549   0.87451
   0.76078   0.63529   0.83137
   0.70196   0.54510   0.78824
   0.63922   0.45490   0.74510
   0.58039   0.36471   0.70196
   0.52157   0.27451   0.65882
   0.46275   0.18039   0.61961
   0.40000   0.09020   0.57647
   0.34118   0.00000   0.53333
   0.30980   0.00000   0.52941
   0.27843   0.00000   0.52941
   0.24706   0.00000   0.52549
   0.21569   0.00000   0.52157
   0.18431   0.00000   0.51765
   0.15686   0.00000   0.51765
   0.12549   0.00000   0.51373
   0.09412   0.00000   0.50980
   0.06275   0.00000   0.50588
   0.03137   0.00000   0.50588
   0.00000   0.00000   0.50196
   0.00000   0.00000   0.54902
   0.00000   0.00000   0.59216
   0.00000   0.00000   0.63922
   0.00000   0.00000   0.68235
   0.00000   0.00000   0.72941
   0.00000   0.00000   0.77255
   0.00000   0.00000   0.81961
   0.00000   0.00000   0.86275
   0.00000   0.00000   0.90980
   0.00000   0.00000   0.95294
   0.00000   0.00000   1.00000
   0.00000   0.09020   0.90980
   0.00000   0.18039   0.81961
   0.00000   0.27451   0.72549
   0.00000   0.36471   0.63529
   0.00000   0.45490   0.54510
   0.00000   0.54510   0.45490
   0.00000   0.63529   0.36471
   0.00000   0.72549   0.27451
   0.00000   0.81961   0.18039
   0.00000   0.90980   0.09020
   0.00000   1.00000   0.00000
   0.08235   1.00000   0.00000
   0.16863   1.00000   0.00000
   0.25098   1.00000   0.00000
   0.33333   1.00000   0.00000
   0.41569   1.00000   0.00000
   0.50196   1.00000   0.00000
   0.58431   1.00000   0.00000
   0.66667   1.00000   0.00000
   0.74902   1.00000   0.00000
   0.83529   1.00000   0.00000
   0.91765   1.00000   0.00000
   1.00000   1.00000   0.00000
   1.00000   0.96863   0.00000
   1.00000   0.93725   0.00000
   1.00000   0.90196   0.00000
   1.00000   0.87059   0.00000
   1.00000   0.83922   0.00000
   1.00000   0.80784   0.00000
   1.00000   0.77647   0.00000
   1.00000   0.74510   0.00000
   1.00000   0.70980   0.00000
   1.00000   0.67843   0.00000
   1.00000   0.64706   0.00000
   0.95294   0.58824   0.00000
   0.90980   0.52941   0.00000
   0.86275   0.47059   0.00000
   0.81961   0.41176   0.00000
   0.77255   0.35294   0.00000
   0.72941   0.29412   0.00000
   0.68235   0.23529   0.00000
   0.63922   0.17647   0.00000
   0.59216   0.11765   0.00000
   0.54902   0.05882   0.00000
   0.50196   0.00000   0.00000
   0.54902   0.00000   0.00000
   0.59216   0.00000   0.00000
   0.63922   0.00000   0.00000
   0.68235   0.00000   0.00000
   0.72941   0.00000   0.00000
   0.77255   0.00000   0.00000
   0.81961   0.00000   0.00000
   0.86275   0.00000   0.00000
   0.90980   0.00000   0.00000
   0.95294   0.00000   0.00000
   1.00000   0.00000   0.00000
   1.00000   0.09020   0.09020
   1.00000   0.18039   0.18039
   1.00000   0.27451   0.27451
   1.00000   0.36471   0.36471
   1.00000   0.45490   0.45490
   1.00000   0.54510   0.54510
   1.00000   0.63529   0.63529
   1.00000   0.72549   0.72549
   1.00000   0.81961   0.81961
   1.00000   0.90980   0.90980
   1.00000   1.00000   1.00000
