   1.00000   1.00000   1.00000
   0.93725   0.95686   0.81961
   0.90980   0.95686   0.61961
   0.66667   0.80784   0.38824
   0.88627   0.92941   0.08627
   1.00000   0.92941   0.00000
   1.00000   0.92941   0.50980
   0.95686   0.81961   0.49804
   0.92941   0.64706   0.28627
   0.89804   0.54902   0.23922
   0.85882   0.48627   0.23922
   0.93725   0.02745   0.23922
   0.90980   0.33725   0.63922
   0.60784   0.43922   0.65882
   0.38824   0.43922   0.96863
   0.49804   0.58824   1.00000
   0.55686   0.69804   1.00000
   0.70980   0.78824   1.00000
