   1.00000   1.00000   0.00000
   1.00000   1.00000   0.00000
   1.00000   1.00000   0.00000
   1.00000   1.00000   0.00000
   1.00000   1.00000   0.00000
   1.00000   1.00000   0.00000
   1.00000   1.00000   0.00000
   1.00000   1.00000   0.00000
   0.39216   0.19608   0.09804
   0.39216   0.19608   0.09804
   0.39216   0.19608   0.09804
   0.39216   0.19608   0.09804
   0.00000   1.00000   0.00000
   0.00000   1.00000   0.00000
   0.00000   1.00000   0.00000
   0.00000   1.00000   0.00000
   0.00000   1.00000   0.00000
   0.00000   0.50196   0.00000
   0.00000   0.50196   0.00000
   0.00000   0.50196   0.00000
   0.00000   0.50196   0.00000
   0.00000   0.50196   0.00000
   0.00000   0.00000   0.50196
   0.00000   0.00000   0.50196
   0.00000   0.00000   0.50196
   0.00000   0.00000   0.50196
   0.00000   0.00000   1.00000
   0.00000   0.00000   1.00000
   0.00000   0.00000   1.00000
   0.00000   0.00000   1.00000
   0.00000   0.00000   1.00000
   0.00000   1.00000   1.00000
   0.00000   1.00000   1.00000
   0.00000   1.00000   1.00000
   0.00000   1.00000   1.00000
   0.00000   1.00000   1.00000
   0.00000   1.00000   1.00000
   0.00000   1.00000   1.00000
   0.00000   1.00000   1.00000
   0.00000   1.00000   1.00000
   0.00000   0.50196   0.50196
   0.00000   0.50196   0.50196
   0.00000   0.50196   0.50196
   0.00000   0.50196   0.50196
   0.00000   0.50196   0.50196
   0.00000   0.50196   0.50196
   0.00000   0.50196   0.50196
   0.00000   0.50196   0.50196
   0.00000   0.50196   0.50196
   0.80392   0.80392   0.80392
   0.78824   0.78824   0.78824
   0.77255   0.77255   0.77255
   0.75686   0.75686   0.75686
   0.74118   0.74118   0.74118
   0.72549   0.72549   0.72549
   0.70588   0.70588   0.70588
   0.69020   0.69020   0.69020
   0.67451   0.67451   0.67451
   0.65882   0.65882   0.65882
   0.64314   0.64314   0.64314
   0.62745   0.62745   0.62745
   0.61176   0.61176   0.61176
   0.59608   0.59608   0.59608
   0.58039   0.58039   0.58039
   0.56471   0.56471   0.56471
   0.54510   0.54510   0.54510
   0.52941   0.52941   0.52941
   0.51373   0.51373   0.51373
   0.49804   0.49804   0.49804
   0.48235   0.48235   0.48235
   0.46667   0.46667   0.46667
   0.45098   0.45098   0.45098
   0.43529   0.43529   0.43529
   0.41961   0.41961   0.41961
   0.40392   0.40392   0.40392
   0.38431   0.38431   0.38431
   0.36863   0.36863   0.36863
   0.35294   0.35294   0.35294
   0.33725   0.33725   0.33725
   0.32157   0.32157   0.32157
   0.30588   0.30588   0.30588
   0.29020   0.29020   0.29020
   0.27451   0.27451   0.27451
   0.25882   0.25882   0.25882
   0.24314   0.24314   0.24314
   0.22353   0.22353   0.22353
   0.20784   0.20784   0.20784
   0.19216   0.19216   0.19216
   0.17647   0.17647   0.17647
   0.16078   0.16078   0.16078
   0.14510   0.14510   0.14510
   0.12941   0.12941   0.12941
   0.11373   0.11373   0.11373
   0.09804   0.09804   0.09804
   0.08235   0.08235   0.08235
   0.06275   0.06275   0.06275
   0.04706   0.04706   0.04706
   0.03137   0.03137   0.03137
   0.01569   0.01569   0.01569
   0.00000   0.00000   0.00000
